depVar	foldI	kernel	ARD	trainRMSE	testSRMSE	testCRMSE	trainMAE	testSMAE	testCMAE	trainNLPD	testSNLPD	testCNLPD	noise
Cd	0	rbf		3.024007810796076e-05	0.00026287000948088034	0.00010155748263386085	2.15048612973184e-05	0.0001927134379976681	6.790911520473516e-05	-8.691698760817228	-6.78946613138294	-7.817549821769843	2.2053833270319736e-09
Cd	1	rbf		4.132263942667931e-05	0.00013767082214197202	7.87085684399226e-05	2.6331002186652114e-05	0.00013767082214197202	5.374852217272176e-05	-8.414292663089954	-7.197371430902351	-8.090835090244532	3.767239222414623e-09
Cd	2	rbf		4.6696753913482006e-05	0.0001846665640382137	0.00014529262981810602	2.867025109723935e-05	0.00012417044995314923	8.36441578078934e-05	-8.340375121103726	-7.62580489843677	-7.714558418034431	4.294950006977365e-09
Cd	3	rbf		4.405067351450427e-05	0.0004031748498005588	0.00010057225574113686	2.7458695667222193e-05	0.00035809661226499724	7.019651576479828e-05	-8.38337096575054	-6.004169438438893	-7.886885121960758	4.004328559434794e-09
Cd	4	rbf		5.53039394240793e-05	0.0016568242473155945	0.0003057218018329615	3.3745330015073316e-05	0.0012259216624538926	0.0001046825093130065	-8.248119190156903	0.9279810987798487	-6.783995044947036	5.1496875522258705e-09
Cd	0	matern32		3.751516209771518e-06	0.00020888177159083022	0.00018452782479852928	2.1346756958676003e-06	0.00015067462761072115	0.00010508655990512796	-9.249425217082466	-6.967198877794982	-7.5174182866107415	7.441702344280167e-10
Cd	1	matern32		6.06094517537564e-06	0.00021012519755995301	0.00014858248911380262	3.113554343916511e-06	0.00021012519755995301	7.129414148863445e-05	-9.027288464505595	-6.9534109973403835	-7.70827725611221	1.1584386546179272e-09
Cd	2	matern32		5.7805164216924496e-06	0.00012013299350992351	0.00015592117751447063	3.0689342389953644e-06	0.00010912064017394758	6.98276368206488e-05	-9.07045515451584	-7.44230814829436	-7.589693197865582	1.0625769844261236e-09
Cd	3	matern32		6.2409158108368976e-06	0.00048509360276805896	0.0001007360492266466	3.2425064727199827e-06	0.00034820657865508874	5.743253514537834e-05	-9.045742935495268	-5.290885282263243	-7.662375872197069	1.1161947888305402e-09
Cd	4	matern32		7.948490096903444e-06	0.002069918882809716	0.000362848141390697	3.938668640699401e-06	0.0014903154384422095	0.00011761236438897128	-9.057564791238965	4.593309891382703	-7.006707187077736	1.0890327847160475e-09
Cd	0	matern52		5.155021773990108e-06	0.00015083360297172833	0.00011980016491492007	3.453889585581073e-06	0.00012516364321118624	7.201729845534285e-05	-9.52007497034612	-7.156405542629568	-7.911998150981688	4.337225293700218e-10
Cd	1	matern52		1.3495756887635165e-05	0.00015116786435828006	0.00014486875570061847	7.40798484206465e-06	0.00015116786435828006	6.770185962513893e-05	-8.983490695872396	-7.1024697171454125	-8.074864965743478	1.2537881938952304e-09
Cd	2	matern52		1.5061297181280575e-05	0.00018604852620580578	0.0001417138973294128	8.307963672671618e-06	0.00013526998931959593	6.99705098835829e-05	-8.958655789132072	-7.474258423641025	-7.878286080025253	1.31296499313727e-09
Cd	3	matern52		1.574271756907475e-05	0.00036860508131840794	8.021328597202686e-05	8.514608149909627e-06	0.000303428867664211	5.2675814554530556e-05	-8.916916325739638	-5.857723956024254	-8.027700727264437	1.429118167158891e-09
Cd	4	matern52		2.4636445929427193e-05	0.001689195453615426	0.00029778628394560723	1.3276029139560715e-05	0.0012001362049301025	9.127848941536134e-05	-8.704917665709907	-0.0026946893423831497	-7.366661575317054	2.1680813466628377e-09
Cd	0	rbf	5.0	2.4591328108507566e-05	3.7507238289021055e-05	8.62156822305327e-05	1.7373218504928904e-05	3.5649082269025194e-05	5.593225591753369e-05	-8.962936344525492	-8.264676713700744	-8.025026100374113	1.2487081876768824e-09
Cd	1	rbf	5.0	2.5363975695177515e-05	3.487926235175298e-06	0.00011682179548189758	1.83412697176461e-05	3.487926235175298e-06	5.402511007266927e-05	-8.927300066764307	-8.933314133722902	-8.235157401271913	1.3277255202668586e-09
Cd	2	rbf	5.0	2.434456651124577e-05	1.3019301950345182e-05	7.676513843524428e-05	1.7736646393776664e-05	1.2197293242383172e-05	5.397154709981935e-05	-8.975613649002327	-8.702736537610242	-8.104374941332955	1.213180980116274e-09
Cd	3	rbf	5.0	2.8289138381910395e-05	4.189311278114263e-05	9.57309135490811e-05	1.9890717905038074e-05	3.90197881635964e-05	5.856970591050958e-05	-8.849224098548273	-8.259913174087108	-8.245805519198417	1.556925878913962e-09
Cd	4	rbf	5.0	3.8072248110593584e-05	0.0007900272250080779	0.00017361648625733046	2.4758685361203407e-05	0.0005842516237502286	7.127666719272639e-05	-8.616689887487807	1.2059885278837705	-7.677104516324563	2.464212679692025e-09
Cd	0	matern32	5.0	2.9403356181888996e-06	8.597227570637452e-05	0.0001880573125381732	1.814373340381299e-06	6.17214858770863e-05	9.054304236514597e-05	-9.498219705859897	-7.395214752218929	-7.669643876383318	4.528577241170002e-10
Cd	1	matern32	5.0	3.432088510605176e-06	2.8585098022580746e-05	0.0002050867189744409	2.114895719158502e-06	2.8585098022580746e-05	7.035336142242749e-05	-9.408841193159496	-7.85944417045147	-7.820393446212507	5.410255967386599e-10
Cd	2	matern32	5.0	2.6443936951177682e-06	1.7627800203814807e-05	0.0001253858242955182	1.65436776661686e-06	1.5063173311780203e-05	7.29556764984211e-05	-9.485633893345668	-7.6503303964240414	-7.799092050600166	4.645800396298107e-10
Cd	3	matern32	5.0	2.673653556103568e-06	0.00011644154400223796	9.763328673271538e-05	1.7611390166937482e-06	0.00010641494590344092	6.0000907483518434e-05	-9.481231245694781	-7.325660141328264	-7.888585626380559	4.68621187765727e-10
Cd	4	matern32	5.0	4.119354971191107e-06	0.0013978634794895	0.0003201822869480505	2.2969595770804e-06	0.0010408365992571637	9.886899994410457e-05	-9.4425262172167	3.9033506652556524	-6.982196733913224	5.06021034731828e-10
Cd	0	matern52	5.0	8.682248986564213e-06	7.27352670157477e-05	0.0001212214841929965	5.652253125040496e-06	5.402660975078067e-05	6.351778388327793e-05	-9.46026416920623	-7.9817997748921155	-7.917268466776545	4.825966160228554e-10
Cd	1	matern52	5.0	1.2146308206172378e-05	7.394605187206749e-06	0.00016088184356653702	7.544979900531844e-06	7.394605187206749e-06	6.030408859790995e-05	-9.246837915164779	-8.615991514027343	-8.091640366608454	7.334526402101497e-10
Cd	2	matern52	5.0	5.474931678405354e-06	9.98471974685812e-06	0.00010568351290817601	3.610042268781519e-06	8.282186209313097e-06	6.619923075768421e-05	-9.684895626532436	-8.431668207477154	-7.692845465304079	3.1113818541161743e-10
Cd	3	matern52	5.0	8.660724652398537e-06	5.033662605980396e-06	9.158220049076022e-05	5.7448002670678624e-06	4.289360296574317e-06	5.437234698258351e-05	-9.437918928277096	-8.042412386611167	-8.21298774849237	5.049054071863899e-10
Cd	4	matern52	5.0	1.1616436377680583e-05	0.0006568819511642231	0.00013867702934053735	7.4907372584177486e-06	0.0005008620927622635	6.36975617127426e-05	-9.278406156625348	-3.799115606126809	-7.928168406457652	6.928067723369662e-10
Cl	0	rbf		0.002539004657863354	0.003724412850140408	0.004321400374486615	0.001792086885108193	0.003053121645274727	0.0024849796394289746	-4.509728556205988	-4.079543069099428	-4.17757491378309	8.437081427277817e-06
Cl	1	rbf		0.0026025135269361972	0.001457564249509935	0.0035573851106549645	0.001801750558235965	0.001457564249509935	0.002691836395348192	-4.481202130518339	-4.656413581337587	-4.247261714064266	8.873710959597112e-06
Cl	2	rbf		0.0023405487006989516	0.0005446637469915599	0.004293406035493546	0.0017347606461721968	0.00033673098482219405	0.0028101301549523427	-4.586492916817374	-4.697591614413213	-3.8846555922970825	7.264214485115067e-06
Cl	3	rbf		0.002594117956626176	0.00443096540693046	0.004378423947459147	0.0018168557987133936	0.0039472034545475765	0.002958758821760535	-4.4852482680557735	-4.145166423210221	-4.083220751755348	8.706998150457786e-06
Cl	4	rbf		0.0026298341718905337	0.007266204205804496	0.0042272688304393485	0.0018487224901211968	0.005613210043591388	0.002236389450592685	-4.471535666244049	-3.4871981524723217	-4.361988188285498	9.044554730976703e-06
Cl	0	matern32		0.00010310477918597108	0.0050272033920374425	0.0043064661896007545	7.072692314614957e-05	0.004637587188110444	0.0027620189116915614	-6.104700802152629	-3.7862770343590975	-4.080954857937521	3.986160016737948e-07
Cl	1	matern32		0.00015633437911644518	0.002846811623983314	0.004291207584092324	9.829734830337785e-05	0.002846811623983314	0.0026556332006881147	-5.913106876184742	-4.393919650572781	-4.221515247096911	5.836323889221077e-07
Cl	2	matern32		0.00011381900056164202	0.001966384404372474	0.004080238387224072	7.869391022017823e-05	0.001932436239287257	0.002524834820977037	-6.063373762128041	-4.365006403382939	-4.0446814616743785	4.3281204171487793e-07
Cl	3	matern32		0.00018729046195563675	0.008522148108764168	0.003717738755931945	0.00011489091941900625	0.006004893821752917	0.002638262315549647	-5.83595883561332	-3.7148823869678225	-4.262072733127124	6.805195314188232e-07
Cl	4	matern32		0.0002862191881035211	0.011475048384450945	0.0032024893128909052	0.00018301211266384776	0.011313229022162807	0.0019299052553626657	-5.608458648612079	-3.0467858690170964	-4.47342809096451	1.0702584737761568e-06
Cl	0	matern52		0.0011792634887641334	0.003540945012833282	0.0044708760477394915	0.0007883257284437509	0.0031949164350409524	0.0026157303737402346	-5.054787671863711	-4.052300182017871	-4.022831191712403	3.122328313282414e-06
Cl	1	matern52		0.001448053511656418	0.0024195139928918086	0.00350970248787307	0.0009249622715873919	0.0024195139928918086	0.0022667099703587096	-4.892641642681814	-4.5738305719502845	-4.278756876805723	4.259455830829188e-06
Cl	2	matern52		0.0011934942722959822	0.0013485792068720585	0.004055469988374432	0.000857340326130532	0.0011315205779924842	0.002393540937532603	-5.054262017845683	-4.699150557650252	-3.8312419788772836	3.10756327434971e-06
Cl	3	matern52		0.0015849256185992643	0.005146299032684747	0.003643718803455836	0.0009768154946747484	0.003822592276149561	0.0025304407074417464	-4.8324819590766275	-4.141772310710765	-4.268111565965148	4.762979370010417e-06
Cl	4	matern52		0.001861087817939129	0.008088078173260694	0.004479415928001193	0.0012079186469744557	0.007474845699587673	0.002011288477335469	-4.705212277657761	-3.360594646788191	-4.490124672298816	6.084177496341557e-06
Cl	0	rbf	5.0	0.002486673098319142	0.004193437209870776	0.004421160230682137	0.0017373076573285323	0.003632233353347887	0.00245960798433328	-4.534195563152497	-4.13161156445494	-4.17939099543193	8.040838495218409e-06
Cl	1	rbf	5.0	0.002633829931527179	0.00040539993089233617	0.003596478819963916	0.0018335216719781078	0.00040539993089233617	0.0026370003167127394	-4.478706592696762	-4.778210038524437	-4.254752304827291	8.92502053512064e-06
Cl	2	rbf	5.0	0.0023258393006637176	0.0009086413634987676	0.004252029895977079	0.0017375607976848572	0.0006713480167442517	0.0028225579363088545	-4.6005125883966596	-4.794795590514288	-3.888241559201442	7.0798619864937505e-06
Cl	3	rbf	5.0	0.0025883605907910914	0.004973872179168001	0.004457747083824559	0.0018345837848268876	0.004138459934390881	0.0030049833864706017	-4.4962726274538625	-4.041045292302246	-4.043973440916438	8.526768962227917e-06
Cl	4	rbf	5.0	0.002556064581674389	0.00581265529822786	0.004872997862675583	0.0018240603522556183	0.005239347248547355	0.002307024502655609	-4.50566530149328	-3.733641226094492	-4.266571380966614	8.458226237747992e-06
Cl	0	matern32	5.0	0.0001221797619212066	0.005241198489999035	0.004435373022448663	8.282348821016076e-05	0.004599589649387122	0.0028576106257423364	-6.064624773042406	-3.788851357747356	-3.986023313042267	4.3159177152360123e-07
Cl	1	matern32	5.0	0.00019259222160255445	0.0022069822834971387	0.004403135600173161	0.00012201620218151133	0.0022069822834971387	0.002637400395632632	-5.841679612255908	-4.490477895850387	-4.173713906185682	6.723885717146089e-07
Cl	2	matern32	5.0	0.0001279176469378654	0.0015848873605375984	0.00400273743479816	8.780607470098407e-05	0.0014896068873484491	0.0024681381870571154	-6.029860327208058	-4.311039513070546	-4.0390722289387	4.6267925803068966e-07
Cl	3	matern32	5.0	0.00026603254008996535	0.008104764169826265	0.0037369709702584374	0.00015868652847230387	0.005771564152197553	0.002705649250103934	-5.688470239065555	-3.6909657058664944	-4.233850201688577	9.116925556482918e-07
Cl	4	matern32	5.0	0.0004208627226049345	0.006257158576426681	0.0031375303139714377	0.0002701087623568419	0.005709249217488832	0.0018575994660442487	-5.424683399463502	-3.4125662552782927	-4.476453586747727	1.5409702983290435e-06
Cl	0	matern52	5.0	0.0012254148945411302	0.004065539916698571	0.004369667554402759	0.0008111360353639626	0.0028556115074694645	0.00262730665081497	-5.035623407967798	-4.110575400320707	-3.9957648173728306	3.2373216720548913e-06
Cl	1	matern52	5.0	0.001523315030556573	0.0008259115051235666	0.003634085048385247	0.0009887236829333864	0.0008259115051235666	0.0023363431526225143	-4.867584764967443	-4.892800829405917	-4.236612937430588	4.446721088421126e-06
Cl	2	matern52	5.0	0.0011548613637182967	0.0019724129275070384	0.003963844209144388	0.0008398758606161871	0.001883692146195141	0.002331501231586212	-5.082182141833404	-4.711353546483089	-3.8224608968815015	2.9485607517211004e-06
Cl	3	matern52	5.0	0.0016574955766977698	0.006113387232253069	0.0038251925273319015	0.0010115040567921516	0.003843121982529285	0.002587471459780523	-4.812956951131465	-4.006775662541958	-4.196344756810892	4.908193517246001e-06
Cl	4	matern52	5.0	0.0019398788777504428	0.004164761909623026	0.00476788824174474	0.0012618344127932868	0.004039705412082761	0.0020379391127219987	-4.686351440814692	-3.9153537660564055	-4.4213422526794846	6.253880245186444e-06
