config	M	P	T	AoA	Cd	CdCoV	Cl	ClCoV	time	iteration	cells	maxNonOrtho	avgNonOrtho	maxSkewness	maxAR	minyPlus	maxyPlus	avgyPlus	timestamp
1	0.0	0.0	6.0	0.0	0.0068131987599999	0.0001209469149323	6.66540243e-05	0.2050964800313819	82.0	598	68963	47.6713	24.1865	2.49183	5862.22	0.0308727	0.916711	0.60185	2026-09-14 18:31:09.883893+00:00
2	0.0	0.0	6.0	8.0	0.0146389782	8.310016755859914e-06	0.8483977275000001	8.701959484642784e-06	96.0	2133	68963	55.6687	24.3317	2.49188	3384.12	0.206905	2.64208	0.64214	2026-09-14 18:31:10.025885+00:00
3	0.0	0.0	24.0	0.0	0.0111367352499999	5.2992960124584265e-05	-0.0047444335549999	-0.0475629293416105	73.0	1450	68963	53.6845	23.9301	2.49244	5913.01	0.0369321	0.85222	0.59627	2026-09-14 18:31:10.140040+00:00
4	0.0	0.0	24.0	8.0	0.0144215619	7.716104062387909e-05	0.7515906295000001	7.680864544062883e-06	96.0	2349	68963	61.683	24.0766	2.49266	3514.9	0.0353111	1.14084	0.586711	2026-09-14 18:31:10.289317+00:00
5	6.0	2.0	6.0	0.0	0.00874367022	1.186360386149401e-05	0.5875114555000001	1.1332596851456644e-05	85.0	1418	68963	59.4214	24.6031	2.49201	5873.1	0.115202	1.73239	0.613948	2026-09-14 18:31:10.400778+00:00
6	6.0	2.0	6.0	8.0	0.0138524421	4.238439699045492e-05	1.43595958	5.173242051503283e-06	164.0	1375	68963	64.1741	24.7423	2.49197	946.989	0.151036	1.93192	0.61943	2026-09-14 18:31:10.513652+00:00
7	6.0	2.0	24.0	0.0	0.0126931882	1.819409180699937e-05	0.503136552	1.2702692558065092e-05	87.0	2317	68963	62.1272	24.0861	2.4929	5934.87	0.0267101	0.972992	0.593886	2026-09-14 18:31:10.664193+00:00
8	6.0	2.0	24.0	8.0	0.02148006015	2.6255030842168563e-05	1.24142564	4.848594377277928e-06	129.0	3457	68963	70.1275	24.3016	2.49268	781.345	0.0126634	1.15059	0.578716	2026-09-14 18:31:10.860463+00:00
9	6.0	6.0	6.0	0.0	0.008667763495	3.370487337643576e-05	0.8017797725	1.0551444310155483e-05	290.0	987	68963	64.2733	24.3654	2.4919	5867.91	0.28844	0.951276	0.600869	2026-09-14 18:31:10.955846+00:00
10	6.0	6.0	6.0	8.0	0.0192662802	1.487160119114838e-05	1.5705321250000004	3.860443806054679e-06	164.0	2774	68963	72.274	24.5296	2.49185	728.46	0.157128	2.62529	0.653363	2026-09-14 18:31:11.116972+00:00
11	6.0	6.0	24.0	0.0	0.0145191308	7.530793018691206e-06	0.5966373749999999	9.991633478623188e-06	194.0	7554	68963	70.0516	24.1538	2.49275	5941.12	0.040936	0.875083	0.588693	2026-09-14 18:31:11.460558+00:00
12	6.0	6.0	24.0	8.0	0.02451894835	1.3308142818741176e-05	1.320099315	4.679220746027162e-06	146.0	3918	68963	78.0537	24.3399	2.49253	522.723	0.0389015	1.10783	0.581324	2026-09-14 18:31:11.668953+00:00
13	5.79	5.72	13.87	5.3	0.0140938614	3.056974339550221e-05	1.275541385	5.084209404504308e-06	231.0	2234	68963	70.6254	24.1423	2.492	702.309	0.0803356	1.15206	0.602239	2026-09-14 18:31:11.815291+00:00
14	1.02	4.94	16.48	4.03	0.0100977922999999	1.961242483410779e-05	0.5447509965	1.204689073587734e-05	102.0	1452	68963	57.5618	23.8857	2.49202	806.247	0.11863	1.02302	0.603695	2026-09-14 18:31:11.931077+00:00
15	2.83	4.0	23.46	2.58	0.0122372237999999	7.870649566528954e-06	0.5012827425	1.2079887603966898e-05	101.0	2678	68963	61.4445	23.9619	2.49247	554.465	0.0566539	0.930249	0.597087	2026-09-14 18:31:12.092992+00:00
16	0.69	4.13	6.73	4.82	0.009049939825	4.019762302867153e-05	0.6023483365	1.4310243896642356e-05	95.0	956	68963	54.0863	24.4122	2.49182	1415.68	0.143273	1.72764	0.626596	2026-09-14 18:31:12.190308+00:00
17	0.24	5.64	8.38	7.02	0.01083118445	4.212046542408738e-05	0.7926476060000001	1.0305001867727509e-05	94.0	1286	68963	56.1373	24.3584	2.49186	1077.48	0.286778	1.85887	0.639085	2026-09-14 18:31:12.299408+00:00
18	5.72	4.06	22.44	0.84	0.0129125158499999	2.378260559207253e-05	0.6255491345	1.0500990839803786e-05	108.0	2417	68963	64.79	23.9836	2.49264	696.713	0.0508744	0.900307	0.594585	2026-09-14 18:31:12.451886+00:00
19	3.18	2.98	21.68	4.93	0.01317221385	6.041724905411658e-05	0.7915298745	3.591989760094972e-06	113.0	2327	68963	63.0137	23.9682	2.49234	1119.02	0.0346884	1.00869	0.597547	2026-09-14 18:31:12.602183+00:00
20	0.36	3.35	17.1	6.41	0.01124149635	4.255481005796059e-05	0.7157444585	1.0398801250830978e-05	107.0	1890	68963	58.4642	23.8918	2.49217	1274.43	0.0810767	1.1693	0.601746	2026-09-14 18:31:12.733935+00:00
21	3.78	3.81	8.62	5.43	0.0105360124	2.818635475137993e-05	1.00486926	7.397846403561878e-06	207.0	1305	68963	60.9382	24.4004	2.49185	1249.3	0.0613909	1.37244	0.615612	2026-09-14 20:09:10.508234+00:00
22	1.64	3.17	10.06	1.76	0.0080201803449999	2.0142307017896835e-05	0.3662029065	1.972420399053046e-05	85.0	880	68963	53.5673	24.1791	2.49186	1228.26	0.120723	0.924616	0.600285	2026-09-14 20:09:10.604275+00:00
23	0.71	2.77	10.65	6.95	0.0105088649	2.844659741669199e-05	0.830041945	7.992523267696353e-06	168.0	1215	68963	57.337	24.0868	2.49192	867.963	0.0455101	1.52442	0.6146	2026-09-14 20:09:10.712986+00:00
24	3.23	5.19	10.26	6.63	0.0117312569	8.411090234263467e-05	1.111577255	7.064184288194964e-06	204.0	1626	68963	63.3747	24.08	2.4919	1107.12	0.0684336	1.51215	0.616682	2026-09-14 20:09:10.836631+00:00
25	4.38	4.74	15.07	3.72	0.01134902455	2.090102396585756e-05	0.901018538	7.456570738643707e-06	218.0	1469	68963	63.8603	23.9633	2.49206	1201.82	0.041922	0.992367	0.598901	2026-09-14 20:09:10.953788+00:00
26	4.83	3.72	7.47	0.73	0.008161036575	5.76673779958648e-06	0.6084281955	1.1300588523096993e-05	150.0	1209	68963	57.6172	24.1727	2.49194	1282.88	0.325049	0.916899	0.600978	2026-09-14 20:09:11.062961+00:00
27	0.45	5.92	19.1	0.35	0.009783660795	1.8902430640116543e-05	0.08388849985	7.318889136409865e-05	101.0	2245	68963	53.7079	23.8371	2.49209	355.756	0.155851	0.842025	0.604509	2026-09-14 20:09:11.210046+00:00
28	2.91	5.57	7.41	2.1	0.0081006133049999	3.940811354558944e-05	0.6044396095000001	1.7900990083753906e-05	139.0	926	68963	57.7137	24.128	2.49188	844.59	0.160871	1.15943	0.604224	2026-09-14 20:09:11.308792+00:00
29	4.5	3.24	9.45	1.99	0.00881253286	4.641714750877814e-05	0.696385939	1.3603471886406347e-05	236.0	928	68963	58.3966	24.1723	2.49197	1320.6	0.269582	0.882494	0.596615	2026-09-14 20:09:11.407400+00:00
30	3.07	4.57	8.13	7.62	0.01274627015	3.026318728914608e-05	1.17061716	5.887786215447532e-06	204.0	1557	68963	62.4522	24.3708	2.49182	1045.77	0.262684	1.91904	0.638978	2026-09-14 20:09:11.537030+00:00
31	1.97	4.23	16.21	2.02	0.009605526	6.787979328668655e-05	0.430211647	1.8269957569808505e-05	88.0	1157	68963	57.0511	23.8517	2.49206	780.474	0.171277	0.905298	0.603791	2026-09-14 20:09:11.639096+00:00
32	1.27	3.1	16.72	4.54	0.0104249708999999	2.817527157653228e-05	0.612731465	1.108648584941435e-05	114.0	1347	68963	57.9521	23.8727	2.4921	1124.48	0.148144	1.03328	0.603103	2026-09-14 20:09:11.751293+00:00
33	1.34	5.84	23.68	5.14	0.0130329941	1.6003918688771743e-05	0.6241131475	9.487501900031544e-06	164.0	4019	68963	62.3895	23.9987	2.49254	573.242	0.0548794	1.02143	0.594417	2026-09-14 20:09:11.971177+00:00
34	2.96	2.66	19.55	1.29	0.01051163115	9.186676858909453e-06	0.410272145	1.5173178595172973e-05	127.0	2082	68963	58.1224	23.8756	2.49228	707.608	0.102635	0.893892	0.602085	2026-09-14 20:09:12.113543+00:00
35	4.05	2.01	13.97	5.54	0.0117375916	5.533248596624037e-05	0.999046896	3.7353002062574414e-06	259.0	1854	68963	61.6907	24.1548	2.49213	799.289	0.043694	1.05301	0.597783	2026-09-14 20:09:12.246683+00:00
36	1.25	5.13	6.15	5.72	0.0103114987	1.923130537770084e-05	0.7702038865	9.14653635237335e-06	154.0	1266	68963	56.3752	24.3051	2.49184	711.343	0.347885	2.07131	0.640467	2026-09-14 20:09:12.359072+00:00
37	3.98	3.58	10.77	3.56	0.00968027623	2.885188827303301e-05	0.8204565890000001	8.39919391867671e-06	302.0	1164	68963	59.9016	24.0764	2.49196	483.643	0.231069	1.00925	0.600705	2026-09-14 20:09:12.483148+00:00
38	5.13	5.05	8.74	6.47	0.01284296785	3.775365116756241e-05	1.308328085	5.5983390009037065e-06	221.0	1598	68963	66.7235	24.1817	2.49192	1269.34	0.122859	1.60159	0.620968	2026-09-14 20:09:12.625407+00:00
39	5.84	3.43	11.74	7.86	0.01496351195	3.87781586735453e-05	1.449246325	1.3608106559778184e-06	187.0	2229	68963	67.5097	24.1763	2.49204	1028.65	0.111517	1.33495	0.60363	2026-09-14 20:09:12.790178+00:00
40	4.43	3.94	17.23	2.87	0.0113154624	5.876242899419106e-06	0.775715383	8.002898620972016e-06	146.0	2009	68963	62.6027	23.8976	2.49224	506.688	0.0344479	0.930509	0.599072	2026-09-14 20:09:12.946840+00:00
41	2.59	3.27	23.95	4.11	0.01304622355	1.5141710573677289e-05	0.6165239914999999	1.4490795147862416e-05	111.0	1847	68963	62.1546	24.0053	2.49242	795.937	0.0318236	0.979092	0.592429	2026-09-14 20:09:13.102207+00:00
42	1.16	3.84	20.48	7.45	0.01343879335	6.86367725067512e-05	0.8694211799999999	5.755976743036667e-06	148.0	2259	68963	62.1482	23.9595	2.49235	605.165	0.0664588	1.1523	0.594835	2026-09-14 20:09:13.269484+00:00
43	0.07	4.62	23.33	4.46	0.0118406219499999	3.533710570163199e-05	0.427349689	1.4849953821412044e-05	118.0	2381	68963	58.0781	23.9517	2.49246	1774.48	0.0433738	0.99808	0.597126	2026-09-14 20:09:13.442913+00:00
44	0.81	4.75	19.95	2.06	0.0102959726	5.953427791431509e-06	0.291165584	2.1187669613429665e-05	108.0	1634	68963	56.1982	23.8421	2.49216	368.187	0.142291	0.906886	0.603393	2026-09-14 20:09:13.588593+00:00
45	3.15	2.52	18.32	3.89	0.0113400447999999	1.0394371910825002e-05	0.714437772	8.533823380237873e-06	143.0	1774	68963	60.52	23.9161	2.49219	471.529	0.0693451	0.977051	0.598378	2026-09-14 20:09:13.740221+00:00
46	4.13	2.69	6.05	5.9	0.0106694607	2.1399905203491035e-05	1.057064635	6.191294932676025e-06	243.0	1296	68963	60.0176	24.3842	2.4919	1279.42	0.0148626	1.78921	0.622838	2026-09-14 20:09:13.874854+00:00
47	3.95	2.86	15.35	6.29	0.01271779725	5.121569742858928e-05	1.0742771399999995	1.2764646349435106e-06	194.0	1955	68963	63.4216	23.9914	2.49208	1132.32	0.113164	1.09775	0.601153	2026-09-14 20:09:14.033219+00:00
48	3.72	2.83	22.8	2.53	0.0123637205499999	1.5202163978684095e-05	0.5796001055	1.121033048901292e-05	133.0	2599	68963	61.712	23.9684	2.49254	922.123	0.0709645	0.945118	0.598771	2026-09-14 20:09:14.216524+00:00
49	1.9	2.57	18.66	3.08	0.01053734225	1.716138505922888e-05	0.5039340744999999	1.2540004155472058e-05	120.0	2274	68963	57.9496	23.8639	2.4922	761.084	0.148173	0.946097	0.603268	2026-09-14 20:09:14.386358+00:00
50	5.28	4.18	7.97	7.35	0.0136697165499999	3.363087144537022e-05	1.36945743	4.8872743444874e-06	208.0	1552	68963	65.9328	24.3895	2.49188	914.772	0.237913	1.75609	0.631209	2026-09-14 20:09:14.530847+00:00
51	0.94	3.68	21.2	1.24	0.0104756172	1.757760429610198e-05	0.2089846705	2.8642043640547262e-05	132.0	3664	68963	55.7225	23.8596	2.49224	647.514	0.116278	0.878893	0.602307	2026-09-15 05:44:04.667467+00:00
52	3.09	2.76	14.9	7.41	0.0129627557	4.690655761970719e-05	1.10626122	5.985294292615089e-06	130.0	2472	68963	62.9693	24.0352	2.49204	700.593	0.0939	1.21686	0.601331	2026-09-15 05:44:04.856556+00:00
53	4.76	2.26	16.76	7.04	0.0145314828	4.7311866261284894e-05	1.20210341	4.637799295979815e-06	236.0	2111	68963	65.3298	24.0955	2.49225	891.001	0.07299	1.09859	0.595356	2026-09-15 05:44:05.016973+00:00
54	4.71	4.15	10.86	0.32	0.008760238165	6.846396055222791e-06	0.564946101	1.586012739104085e-05	115.0	1144	68963	58.7522	24.0663	2.492	1123.6	0.244004	0.822298	0.597675	2026-09-15 05:44:05.143448+00:00
55	5.32	5.98	14.97	6.76	0.01565297675	8.671369797108174e-05	1.3648430000000005	2.9224856888655865e-06	208.0	2392	68963	72.1355	24.1363	2.49202	715.135	0.0540171	1.24369	0.602048	2026-09-15 05:44:05.317795+00:00
56	3.33	3.74	17.03	5.96	0.0126096874	1.1707832688097929e-05	0.981256155	6.009856912093206e-06	182.0	3456	68963	63.4102	23.9263	2.49215	387.829	0.0614777	1.0904	0.600843	2026-09-15 05:44:05.531964+00:00
57	2.07	4.09	18.74	6.02	0.012341303	5.206282929232842e-05	0.843451579	4.415443194287464e-06	112.0	2164	68963	61.9872	23.9253	2.49212	525.315	0.0331139	1.09244	0.601026	2026-09-15 05:44:05.699146+00:00
58	4.18	4.55	9.94	5.63	0.0112931497999999	3.4139609124749615e-05	1.09401297	6.261792065303876e-06	208.0	1612	68963	63.329	24.2757	2.49187	1149.83	0.132658	1.33866	0.612529	2026-09-15 05:44:05.843188+00:00
59	3.65	4.72	21.4	4.2	0.0131717331499999	2.5651978142314787e-05	0.791961366	7.720068187602507e-06	119.0	2513	68963	64.8497	23.953	2.4923	625.312	0.0171532	0.983524	0.597884	2026-09-15 05:44:06.024055+00:00
60	5.02	2.61	13.25	0.75	0.00951008076	8.604414535469018e-06	0.593474558	1.0819767230605984e-05	121.0	1634	68963	58.5892	24.0544	2.49211	1242.73	0.205836	0.883313	0.599881	2026-09-15 05:44:06.167278+00:00
61	0.28	4.54	17.78	1.04	0.00947332217	8.429613089663518e-06	0.1419109515	4.619608336722149e-05	98.0	1772	68963	53.2882	23.8341	2.49204	703.553	0.140282	0.865082	0.603933	2026-09-15 05:44:06.316088+00:00
62	2.86	3.77	11.93	1.15	0.008572849195	3.5206186164407104e-06	0.4382299369999999	1.539422131932422e-05	107.0	1042	68963	56.0759	23.9373	2.492	704.994	0.185099	0.86091	0.5996	2026-09-15 05:44:06.438665+00:00
63	5.22	4.39	22.58	6.16	0.01739654785	4.6198291275062975e-05	1.0964941199999998	2.35987197756029e-06	126.0	2654	68963	69.8038	24.0867	2.49243	444.243	0.0158563	1.04053	0.589871	2026-09-15 05:44:06.626694+00:00
64	4.73	5.97	6.53	3.37	0.01000867105	2.6056592822668348e-05	0.994436765	6.880725659185984e-06	233.0	1175	68963	64.366	24.4531	2.49185	980.729	0.076233	1.54765	0.617381	2026-09-15 05:44:06.754586+00:00
65	5.83	5.28	11.15	1.07	0.00998400323	9.700799297865186e-06	0.832825735	8.083497687989347e-06	277.0	1338	68963	64.2632	24.1579	2.49198	1338.87	0.164433	0.87998	0.596603	2026-09-15 05:44:06.890353+00:00
66	3.63	2.2	22.41	0.14	0.0111810616499999	3.151847003587098e-05	0.3258637335	2.597102536148021e-05	130.0	3663	68963	58.5985	23.934	2.49257	708.891	0.0756312	0.906939	0.59642	2026-09-15 05:44:07.111715+00:00
67	2.16	3.7	13.61	5.12	0.01038955225	2.4165295451493257e-05	0.7878949495	8.460027869937107e-06	179.0	1410	68963	59.297	23.965	2.49195	785.273	0.171739	1.12693	0.603689	2026-09-15 05:44:07.244671+00:00
68	2.0	2.53	6.99	5.06	0.00930351337	4.437191797943096e-05	0.7542537815	1.1513698400682043e-05	195.0	1008	68963	56.1306	24.4965	2.49182	1355.38	0.0322658	1.57171	0.620673	2026-09-15 05:44:07.365326+00:00
69	0.52	3.92	10.41	7.2	0.0107062800999999	7.608124387604358e-05	0.8422907385	5.368651019472113e-06	87.0	1453	68963	57.3601	24.0672	2.49195	786.531	0.0580522	1.60525	0.62062	2026-09-15 05:44:07.501199+00:00
70	0.39	3.5	9.22	2.18	0.007787605555	2.1490282206781733e-05	0.2806231485	2.608675126462591e-05	89.0	903	68963	51.643	24.0582	2.49186	976.527	0.0971578	1.01471	0.603812	2026-09-15 05:44:07.617290+00:00
71	5.17	4.59	12.48	2.27	0.01028714565	2.6820542544805503e-05	0.843696518	7.988098445851242e-06	219.0	1541	68963	62.8959	24.0534	2.49201	709.254	0.170345	0.925182	0.599224	2026-09-15 06:34:33.910897+00:00
72	2.71	3.31	12.74	4.33	0.00993635374	1.479680596877398e-05	0.759103862	8.830762567222718e-06	182.0	1466	68963	58.9188	24.0514	2.49194	712.546	0.183594	1.0577	0.601541	2026-09-15 06:34:34.054453+00:00
73	1.82	5.61	21.74	7.66	0.0147865725999999	5.600802952771132e-05	0.95065329	7.816746819736947e-07	98.0	2618	68963	65.3301	24.0176	2.49241	480.042	0.0377298	1.14693	0.591128	2026-09-15 06:34:34.240982+00:00
74	2.93	4.25	21.58	7.85	0.01596927635	2.747945728711963e-05	1.0574367649999998	6.391570331165175e-06	133.0	2848	68963	66.5357	24.0497	2.49234	859.105	0.0195515	1.13475	0.590137	2026-09-15 06:34:34.435255+00:00
75	3.04	5.79	20.74	3.79	0.01239773615	3.516758850920933e-05	0.7281462635	8.559898229715812e-06	111.0	2719	68963	64.5664	23.9269	2.49228	825.775	0.060196	0.980342	0.60027	2026-09-15 06:34:34.625331+00:00
76	0.35	2.64	22.17	3.32	0.0111515755	6.174181560887631e-05	0.3569322724999999	1.626391538422958e-06	89.0	1854	68963	56.9605	23.8972	2.49233	711.563	0.0403734	0.955106	0.59902	2026-09-15 06:34:34.776266+00:00
77	0.96	3.06	12.1	5.37	0.00970142564	3.5080312922639254e-05	0.6859496639999999	1.0138387268867469e-05	117.0	1257	68963	56.7086	23.9898	2.49193	1182.23	0.164822	1.23208	0.605268	2026-09-15 06:34:34.905004+00:00
78	1.86	5.76	14.63	0.54	0.00893186632	1.999450451849041e-06	0.287430155	2.256056778913045e-05	84.0	1187	68963	56.1431	23.8487	2.49203	615.31	0.21666	0.847186	0.602932	2026-09-15 06:34:35.027230+00:00
79	1.06	2.93	14.67	0.03	0.00872189407	1.8798888749880208e-06	0.1128409309999999	5.908107721679794e-05	88.0	1401	68963	52.3693	23.8375	2.49204	1441.5	0.242112	0.819253	0.603698	2026-09-15 06:34:35.165292+00:00
80	3.2	4.43	11.5	5.8	0.01103625225	8.199003083054407e-05	0.996212176	6.467168612926681e-06	185.0	1428	68963	61.8786	24.0818	2.49191	442.777	0.118005	1.27438	0.611634	2026-09-15 06:34:35.300215+00:00
81	2.52	2.06	9.31	0.45	0.007767502985	8.69351695416939e-06	0.3007296665	2.6306040368421112e-05	88.0	796	68963	52.8813	24.1286	2.49196	1297.52	0.282086	0.898996	0.599372	2026-09-15 06:34:35.402948+00:00
82	0.77	2.04	20.65	3.58	0.0109313353999999	7.056397135905045e-05	0.4306066585	3.554134181417254e-06	69.0	1297	68963	57.2896	23.8645	2.49224	400.316	0.0640357	0.969956	0.601	2026-09-15 06:34:35.529812+00:00
83	5.09	2.6	11.36	4.88	0.0111946996	3.88243774391606e-05	1.050487055	6.948634242592732e-06	220.0	1447	68963	62.1791	24.2587	2.49203	1325.06	0.206489	1.03031	0.597275	2026-09-15 06:34:35.661853+00:00
84	4.07	5.46	17.29	0.62	0.0104533304	9.755704823421888e-06	0.5433357705	1.183046369239596e-05	99.0	2539	68963	62.1881	23.8858	2.4922	596.064	0.0622507	0.855896	0.601683	2026-09-15 06:34:35.831150+00:00
85	1.53	5.44	11.54	0.83	0.008166157505	3.273935696185455e-05	0.28004344	3.284168116271775e-05	79.0	928	68963	54.2252	23.9855	2.49191	944.659	0.208542	0.869591	0.600393	2026-09-15 06:34:35.944970+00:00
86	5.6	4.9	7.68	0.18	0.0085075856399999	3.6298663690923526e-05	0.6903028135	1.284228353021336e-05	242.0	932	68963	60.7469	24.2248	2.49193	1051.39	0.232186	0.891385	0.597388	2026-09-15 06:34:36.060524+00:00
87	0.14	4.15	19.75	5.55	0.0113315554	1.3258780326963193e-05	0.5815919499999999	1.1448797332816284e-05	103.0	2547	68963	58.1326	23.8897	2.49228	1248.79	0.119509	1.07397	0.599846	2026-09-15 06:34:36.238120+00:00
88	5.94	2.41	20.31	6.08	0.0162766764	1.5512239505529883e-05	1.15421115	7.870236182096984e-06	183.0	2550	68963	67.3854	24.1254	2.49246	1258.89	0.0330886	1.06572	0.584369	2026-09-15 06:34:36.417948+00:00
89	5.74	2.08	11.97	3.88	0.0110660670999999	2.930191715723973e-05	0.9944528055	6.6714573399593605e-06	233.0	1747	68963	61.7951	24.2934	2.49211	1316.43	0.180484	1.00688	0.594808	2026-09-15 06:34:36.562868+00:00
90	2.79	2.97	15.95	1.0	0.00948102247	2.214376049070385e-05	0.388657955	1.834066377245033e-05	76.0	1315	68963	56.5724	23.8563	2.49217	599.052	0.208666	0.857838	0.603659	2026-09-15 06:34:36.691083+00:00
91	5.26	5.52	20.44	2.44	0.0134054547	1.0399701888552563e-05	0.8264906445	7.141996614988063e-06	146.0	4272	68963	68.007	23.9936	2.49231	645.025	0.0242663	0.927918	0.597008	2026-09-15 07:48:37.673930+00:00
92	3.49	4.21	12.33	2.98	0.009526783205	1.7236792371629274e-05	0.7229356185	8.300117569750632e-06	164.0	1821	68963	59.6554	24.0024	2.49197	668.788	0.104945	0.971452	0.599698	2026-09-15 07:48:37.827710+00:00
93	3.27	3.46	18.46	6.75	0.01370121885	3.579839009184439e-05	1.02785769	6.528126570580678e-06	184.0	2182	68963	64.3129	23.965	2.49219	514.164	0.0975757	1.1088	0.59658	2026-09-15 07:48:37.995581+00:00
94	5.06	2.44	23.53	6.93	0.0182544235	4.104364636787251e-05	1.075903965	3.236275056488908e-06	130.0	2121	68963	68.0189	24.1704	2.4926	480.854	0.0408954	1.08067	0.580451	2026-09-15 07:48:38.159446+00:00
95	3.79	5.39	23.82	3.64	0.01405129785	4.268863373120287e-05	0.7200580415000001	9.81495220916707e-06	98.0	2533	68963	66.4984	24.042	2.49242	581.452	0.0317057	0.965567	0.594407	2026-09-15 07:48:38.334447+00:00
96	2.77	5.3	18.02	5.48	0.01236277585	7.755863896708915e-05	0.8952622965	6.723352731888883e-06	127.0	2194	68963	63.8979	23.9331	2.49214	695.208	0.0895448	1.08016	0.602274	2026-09-15 07:48:38.501634+00:00
97	4.33	4.42	7.1	4.39	0.00999925334	3.055230976211599e-05	0.9730865335	7.459913100104491e-06	203.0	1189	68963	61.2271	24.5401	2.49184	927.028	0.158601	1.47456	0.616504	2026-09-15 07:48:38.625804+00:00
98	0.99	2.13	7.24	7.93	0.0119958087999999	3.049864615446601e-05	0.9521164085	7.448425681767322e-06	114.0	1723	68963	57.4654	24.2042	2.49188	1119.82	0.224997	2.14357	0.641424	2026-09-15 07:48:38.778216+00:00
99	1.42	3.6	6.89	3.83	0.008385189175	0.0001266450854507	0.572766648	1.7075364311322898e-05	91.0	806	68963	54.3435	24.4351	2.4918	911.003	0.117295	1.46997	0.615491	2026-09-15 07:48:38.882391+00:00
100	4.27	3.21	19.7	1.18	0.0110780593	1.6960517791460692e-05	0.5376402115000001	1.1662314074967374e-05	96.0	2526	68963	60.5883	23.9086	2.49233	465.626	0.0315799	0.895364	0.600812	2026-09-15 07:48:39.059181+00:00
101	0.1	2.33	8.49	4.02	0.008340625725	1.4517393023953426e-05	0.450937547	1.4173060363401389e-05	83.0	1046	68963	52.6949	24.3009	2.49184	1718.14	0.119199	1.32748	0.613043	2026-09-15 07:48:39.177735+00:00
102	3.6	2.32	10.94	5.0	0.01031807905	6.103291921070716e-05	0.9089232665	8.42035717463289e-06	216.0	1164	68963	59.6997	24.1666	2.49199	1308.08	0.212203	1.07596	0.601045	2026-09-15 07:48:39.303249+00:00
103	0.87	4.68	13.33	6.82	0.01080437485	7.825877071458556e-05	0.8461227415	1.3343852534478084e-05	142.0	1172	68963	58.8619	23.9739	2.49201	833.29	0.142844	1.34216	0.603288	2026-09-15 07:48:39.429864+00:00
104	4.52	5.42	20.92	7.98	0.0185185938	2.098873315120417e-05	1.252258625	5.115403307023437e-06	166.0	3398	68963	71.7031	24.1047	2.49225	1085.02	0.0339906	1.15004	0.589192	2026-09-15 07:48:39.640189+00:00
105	2.12	5.47	8.57	2.79	0.0083443930849999	6.075498748845432e-05	0.5748917095	1.9481352150296867e-05	102.0	966	68963	56.6745	24.3171	2.49182	1353.67	0.148451	1.14739	0.606494	2026-09-15 07:48:39.753361+00:00
106	2.33	2.7	20.12	6.61	0.01336450515	6.400999070332121e-05	0.8963616704999999	1.0329469207442343e-06	111.0	2262	68963	62.6775	23.9571	2.49224	663.9	0.0717107	1.08946	0.596446	2026-09-15 07:48:39.926630+00:00
107	0.65	2.8	6.34	0.93	0.0069554012	2.9068298134627297e-05	0.1688118105	4.498855475802511e-05	90.0	730	68963	49.7515	24.2714	2.49183	1190.0	0.137452	1.01726	0.601432	2026-09-15 07:48:40.032398+00:00
108	1.45	3.8	22.1	2.69	0.01123245895	1.3455675604464513e-05	0.39650701	1.6083076591073475e-05	86.0	2284	68963	58.4326	23.8968	2.49232	507.633	0.0622487	0.929948	0.600595	2026-09-15 07:48:40.197811+00:00
109	5.91	3.11	16.89	3.23	0.0122802187	1.0003955639927223e-05	0.94329378	6.359312428769151e-06	217.0	2007	68963	64.2456	23.9889	2.49228	290.035	0.0451571	0.95544	0.593166	2026-09-15 07:48:40.355824+00:00
110	0.62	4.85	9.02	3.11	0.00808236287	2.436202483549569e-05	0.4154825555	1.8039015471443955e-05	82.0	880	68963	53.1949	24.0441	2.49188	1337.62	0.146863	1.14878	0.606903	2026-09-15 07:48:40.466579+00:00
111	3.35	5.51	15.6	2.15	0.01017304965	1.4435686348103514e-05	0.638971213	9.529086489663404e-06	101.0	1686	68963	61.5109	23.9137	2.49201	377.358	0.0880593	0.921729	0.60194	2026-09-15 07:48:40.610028+00:00
112	2.21	2.51	17.71	0.68	0.0096860908699999	5.295595759571008e-05	0.281914272	3.070663976467145e-05	74.0	1460	68963	55.6835	23.8651	2.4922	915.669	0.17	0.85897	0.603466	2026-09-15 07:48:40.744584+00:00
113	2.25	2.47	11.06	6.53	0.0108254860999999	3.414423186928842e-05	0.9395425545	7.913228991510036e-06	195.0	1298	68963	59.3446	24.1514	2.4919	681.818	0.13908	1.32911	0.608577	2026-09-15 07:48:40.872193+00:00
114	4.22	4.48	18.24	1.57	0.0109653768	1.1649841531295831e-05	0.618043483	1.0344939891582093e-05	99.0	2392	68963	62.0028	23.8927	2.49218	418.634	0.039586	0.886805	0.601079	2026-09-15 07:48:41.047257+00:00
115	2.48	4.99	13.51	4.22	0.0101325480999999	6.827247026312902e-05	0.7535858799999999	7.498226339669159e-06	104.0	1316	68963	60.0822	23.9445	2.49195	464.186	0.114553	1.07929	0.605563	2026-09-15 07:48:41.174504+00:00
116	1.78	2.37	18.08	5.23	0.01139850275	5.586365919091116e-05	0.7241781075	4.898216422714114e-06	99.0	1992	68963	59.6532	23.8999	2.4921	618.759	0.0950233	1.04621	0.602173	2026-09-15 07:48:41.325497+00:00
117	4.9	3.37	18.51	4.81	0.0133353026499999	4.642628904029893e-05	0.9955594325	2.266387104675444e-06	129.0	2369	68963	65.051	23.9828	2.49222	511.088	0.0754242	1.00149	0.598523	2026-09-15 07:48:41.491454+00:00
118	4.0	2.42	12.79	2.86	0.009756733255	1.3772505528773928e-05	0.7163388354999999	9.421993635871487e-06	154.0	1636	68963	58.8488	24.0071	2.49206	1094.37	0.21527	0.923511	0.59911	2026-09-15 07:48:41.634730+00:00
119	0.3	5.66	15.43	4.72	0.0099284992	6.003264330632489e-05	0.5454945245	6.927855064664752e-06	78.0	1425	68963	56.3892	23.9335	2.49201	827.139	0.203851	1.09685	0.605651	2026-09-15 07:48:41.771089+00:00
120	5.34	2.72	6.71	1.4	0.00839559868	7.230977080109031e-06	0.700679825	1.0225698568721074e-05	231.0	1144	68963	57.6327	24.4988	2.49194	541.949	0.0344598	1.02642	0.601452	2026-09-15 07:48:41.894654+00:00
121	3.88	3.89	17.59	1.5	0.0105028668	1.863550601086723e-05	0.5637355055	1.164979994598738e-05	97.0	1883	68963	60.2864	23.8844	2.49222	899.425	0.101394	0.880949	0.602031	2026-09-15 08:57:22.222695+00:00
122	3.55	5.23	21.96	6.38	0.0154627309	4.016025852205402e-05	0.992569568	3.581308405372928e-06	129.0	2659	68963	67.7932	24.0288	2.49232	791.412	0.0375326	1.07192	0.592261	2026-09-15 08:57:22.401479+00:00
123	3.02	2.28	8.96	2.34	0.00826119227	3.7975435311850736e-05	0.5618291245	1.6384354869080804e-05	109.0	918	68963	55.4893	24.1098	2.49197	838.077	0.121849	0.910263	0.597197	2026-09-15 08:57:22.512078+00:00
124	2.74	3.62	13.02	7.56	0.01248116515	2.1437943187447613e-05	1.108623675	5.452509217440842e-06	114.0	2050	68963	62.5184	24.0067	2.49197	590.876	0.081543	1.3575	0.607056	2026-09-15 08:57:22.659301+00:00
125	3.7	3.4	9.74	0.6	0.00818086028	9.844526975517468e-07	0.4625743215	1.6117121132978585e-05	95.0	913	68963	55.9277	24.1695	2.49194	1232.97	0.279615	0.830732	0.598257	2026-09-15 08:57:22.768438+00:00
126	5.48	4.78	19.21	3.01	0.01316865725	7.153065750702741e-06	0.901755972	6.52631515768393e-06	157.0	4623	68963	66.8602	23.9552	2.49228	283.322	0.0196213	0.941228	0.598556	2026-09-15 08:57:23.036363+00:00
127	1.94	5.95	9.62	5.85	0.01038850225	6.706276963937303e-05	0.8946467675	1.0376228742974884e-05	168.0	1195	68963	60.216	24.2051	2.49186	633.151	0.13242	1.50354	0.621154	2026-09-15 08:57:23.165415+00:00
128	0.57	4.84	22.69	7.5	0.01388737625	2.9842576085681413e-05	0.7816100545000001	8.424310488691536e-06	97.0	2506	68963	62.0264	24.015	2.49255	785.301	0.0542299	1.12986	0.590838	2026-09-15 08:57:23.340215+00:00
129	2.62	4.8	7.32	0.07	0.007338014825	3.959169765391027e-05	0.3198558445	2.694892768873472e-05	87.0	747	68963	53.9333	24.0867	2.49189	954.551	0.280873	0.886209	0.598857	2026-09-15 08:57:23.447178+00:00
130	1.47	4.07	14.28	6.13	0.0108663497499999	9.506210653131754e-06	0.822971581	7.668659186519084e-06	158.0	1465	68963	59.4533	23.9042	2.49203	885.424	0.146343	1.21529	0.602612	2026-09-15 08:57:23.580106+00:00
131	5.52	3.03	21.35	3.44	0.0137321488	1.942317123870477e-05	0.866826004	7.371313961644008e-06	108.0	2743	68963	65.1828	24.0038	2.49246	431.579	0.0584971	0.976552	0.595858	2026-09-15 08:57:23.768424+00:00
132	3.41	4.02	13.73	1.87	0.00944069836	2.522735967896988e-06	0.5777984574999999	1.1353221309386544e-05	93.0	1510	68963	58.6514	23.9426	2.49203	1346.72	0.101035	0.895597	0.601368	2026-09-15 08:57:23.914007+00:00
133	1.59	3.57	15.25	4.96	0.0104298381	3.222174060928531e-05	0.7016246675	9.888832205657131e-06	93.0	1480	68963	58.6017	23.9397	2.49195	688.228	0.0661092	1.08532	0.602658	2026-09-15 08:57:24.052078+00:00
134	4.94	4.92	18.85	6.88	0.0162182569	3.623830898790174e-05	1.22986242	1.4208542876553618e-06	153.0	2765	68963	69.7811	24.0425	2.49218	1235.81	0.0260872	1.11667	0.594463	2026-09-15 08:57:24.241995+00:00
135	4.45	5.15	17.54	7.16	0.01540948605	5.0600275829770594e-05	1.24081053	3.4878113275577267e-06	193.0	2726	68963	69.0395	24.0342	2.4921	891.049	0.055637	1.17193	0.597477	2026-09-15 08:57:24.425515+00:00
136	1.73	4.35	20.83	0.23	0.01038068495	2.1210932547831943e-05	0.193714593	3.174347749159818e-05	117.0	3911	68963	56.3823	23.8478	2.49232	772.34	0.066318	0.845432	0.60217	2026-09-15 08:57:24.659023+00:00
137	0.88	5.88	11.21	2.46	0.008321828795	8.618078142975621e-05	0.3859772285	4.529565896771425e-05	87.0	705	68963	54.3557	24.0519	2.49186	1011.39	0.122112	1.00202	0.601985	2026-09-15 08:57:24.764499+00:00
138	1.54	2.37	14.34	1.64	0.00892255713	1.2097444160592067e-05	0.3306326315	2.384370044466276e-05	97.0	1207	68963	54.46	23.8873	2.49197	729.102	0.198618	0.886365	0.603508	2026-09-15 08:57:24.895504+00:00
139	5.44	3.45	16.15	0.22	0.01033152045	2.2105141569302314e-05	0.589205803	1.1266466037285254e-05	111.0	1900	68963	60.6939	23.9404	2.49229	576.272	0.146601	0.865112	0.600393	2026-09-15 08:57:25.049174+00:00
140	4.59	2.16	9.39	7.36	0.01253246205	3.480459193375242e-05	1.25169732	5.73204806054485e-06	180.0	1410	68963	62.8474	24.3898	2.49199	1359.91	0.169106	1.3375	0.605969	2026-09-15 08:57:25.184097+00:00
141	1.31	3.98	10.37	0.4	0.00779153707	3.0965727754626805e-06	0.188891178	4.406828636037715e-05	87.0	775	68963	52.0567	23.9491	2.49192	1096.23	0.037325	0.835206	0.59889	2026-09-15 08:57:25.295686+00:00
142	2.31	4.96	22.9	1.46	0.01146520185	1.8796780305044965e-05	0.3593196285	1.759763218045234e-05	106.0	2825	68963	59.9957	23.9214	2.49246	298.208	0.0289736	0.897278	0.599559	2026-09-15 08:57:25.479037+00:00
143	0.46	2.85	19.36	7.27	0.01248533365	3.501469593333337e-06	0.790185784	8.011908231368038e-06	105.0	2077	68963	60.1868	23.9265	2.49231	1027.97	0.0574654	1.16928	0.594819	2026-09-15 08:57:25.639403+00:00
144	5.86	3.92	8.03	4.61	0.0109460086	3.305324514192378e-05	1.145628805	6.263322346425542e-06	199.0	1410	68963	63.8342	24.3435	2.49192	1050.42	0.131677	1.27258	0.606402	2026-09-15 08:57:25.767140+00:00
145	4.37	5.37	12.61	4.66	0.0115079742499999	3.0183094904763765e-05	1.04116443	6.178779285143515e-06	204.0	1521	68963	65.1999	24.0996	2.49194	1315.82	0.119034	1.13919	0.603755	2026-09-15 08:57:25.902411+00:00
146	2.45	5.18	9.76	2.92	0.008664405535	1.4586996449846344e-05	0.6219620979999999	1.0996666751813325e-05	129.0	1256	68963	57.6647	24.1644	2.49186	1188.31	0.212608	1.06	0.603775	2026-09-15 08:57:26.036143+00:00
147	5.41	3.01	8.24	6.5	0.01218764415	2.9053837780170617e-05	1.261118255	5.766746604942956e-06	184.0	1344	68963	63.702	24.4463	2.49192	1164.4	0.15887	1.41985	0.612208	2026-09-15 08:57:26.167715+00:00
148	5.63	4.27	19.3	4.15	0.01404672265	2.525770188376237e-05	1.010525605	6.0176941685170925e-06	128.0	2543	68963	67.3059	23.9755	2.49229	1280.97	0.0411071	0.976891	0.597368	2026-09-15 08:57:26.343859+00:00
149	5.67	3.54	14.5	7.74	0.01565958885	2.197109999941835e-05	1.4005587150000005	4.8126922479507725e-06	185.0	2314	68963	68.186	24.1367	2.49203	1353.46	0.052293	1.2031	0.598288	2026-09-15 08:57:26.509805+00:00
150	1.77	2.92	12.22	3.96	0.00927959937	1.687071918616884e-05	0.616009298	1.0778788657293813e-05	106.0	1194	68963	56.6131	23.9833	2.49193	635.427	0.229876	1.05356	0.603007	2026-09-15 08:57:26.631707+00:00
151	4.79	2.89	23.76	2.26	0.0132701725499999	3.1003601140582416e-05	0.6341655584999999	1.0357637594129568e-05	84.0	2069	68963	63.4702	24.0241	2.49261	450.385	0.0246124	0.953892	0.593594	2026-09-15 10:07:32.717380+00:00
152	4.99	5.34	10.03	3.69	0.01064792205	3.381949454034232e-05	1.020138785	7.684802141958993e-06	209.0	1249	68963	64.7486	24.2863	2.49189	838.526	0.170243	1.12594	0.604935	2026-09-15 10:07:32.845591+00:00
153	2.55	4.88	14.15	6.01	0.0114197220499999	8.181734262806515e-07	0.9497077105	6.821334996754401e-06	195.0	1496	68963	62.1208	24.0381	2.49191	1044.98	0.134581	1.21174	0.604671	2026-09-15 10:07:32.986086+00:00
154	4.58	4.64	13.13	1.69	0.009824911615	7.916557250479877e-06	0.7133667654999999	9.32154608002594e-06	163.0	1502	68963	61.4254	23.928	2.49207	1084.19	0.157279	0.891962	0.598505	2026-09-15 10:07:33.126613+00:00
155	1.68	4.29	7.64	4.29	0.0087594338	4.879311207260199e-05	0.6609158110000002	1.4309919233568465e-05	123.0	976	68963	55.8852	24.1722	2.49184	668.332	0.142492	1.44381	0.615289	2026-09-15 10:07:33.242203+00:00
156	2.05	4.7	6.47	2.59	0.007813940395	0.0001296214050138	0.5259186235	2.3250295488596908e-05	102.0	778	68963	54.8364	24.3274	2.49183	875.064	0.235095	1.33015	0.607462	2026-09-15 10:07:33.349357+00:00
157	3.4	5.73	10.55	3.17	0.0095202709399999	2.60414493785114e-05	0.7868142505	8.647472652743855e-06	194.0	1194	68963	61.3983	24.0458	2.49192	790.539	0.100832	1.08127	0.604706	2026-09-15 10:07:33.479112+00:00
158	1.63	5.31	19.87	6.23	0.01264747405	5.2941071725800206e-05	0.8195104500000001	5.0529016415060444e-06	107.0	2192	68963	62.5365	23.9346	2.49222	665.176	0.103425	1.10284	0.59968	2026-09-15 10:07:33.647064+00:00
159	4.86	5.8	18.97	1.36	0.0119403844999999	6.331670418233048e-06	0.711908153	8.498123707539635e-06	124.0	3497	68963	66.2766	23.9678	2.49225	1185.87	0.0589952	0.892044	0.600061	2026-09-15 10:07:33.872808+00:00
160	4.63	3.64	23.24	5.78	0.0163476546	7.833328198710327e-05	0.959275759	2.675333395393309e-06	113.0	1873	68963	67.4237	24.077	2.49243	579.77	0.0241889	1.02189	0.58584	2026-09-15 10:07:34.026529+00:00
161	0.2	3.2	12.92	6.26	0.01017270445	3.464757080140555e-05	0.7007766325	9.716678487180842e-06	109.0	1330	68963	56.6303	23.9205	2.49203	1218.73	0.163078	1.31234	0.606462	2026-09-15 10:07:34.160983+00:00
162	1.38	5.55	11.67	7.77	0.0118304011999999	6.528656090537955e-05	1.0136393	3.90152985054657e-06	158.0	1572	68963	60.9194	24.0324	2.49198	833.096	0.0754287	1.56375	0.614904	2026-09-15 10:07:34.306526+00:00
163	6.0	5.6	22.32	5.19	0.01818959885	1.4679972083796202e-05	1.118076155	5.501135998913391e-06	151.0	3642	68963	73.3298	24.1382	2.49244	788.402	0.0142848	1.01595	0.590796	2026-09-15 10:07:34.530913+00:00
164	4.67	5.69	21.07	1.59	0.012546604	3.312398729104748e-05	0.6710277865	9.922529722109436e-06	111.0	1982	68963	66.3958	23.9723	2.49239	371.927	0.0387094	0.90022	0.59503	2026-09-15 10:07:34.690318+00:00
165	0.54	5.24	17.38	1.74	0.009526769215	3.94550680223515e-05	0.2421370699999999	2.778024115610713e-05	74.0	1437	68963	54.566	23.8188	2.49207	444.594	0.214722	0.895221	0.605258	2026-09-15 10:07:34.825685+00:00
166	2.65	5.89	17.93	4.41	0.0116306473999999	5.681043935305439e-05	0.7884040975	5.9762401710052006e-06	104.0	2212	68963	63.4152	23.9354	2.49204	716.303	0.0712487	1.03263	0.603324	2026-09-15 10:07:34.988682+00:00
167	0.78	4.33	15.57	2.73	0.00933325583	2.8373094468253443e-06	0.377914988	1.706204897133331e-05	82.0	1192	68963	55.2287	23.8083	2.49205	743.29	0.199531	0.950459	0.602251	2026-09-15 10:07:35.109571+00:00
168	0.02	5.06	13.42	1.3	0.00844162364	4.816601377764653e-06	0.1463432645	4.758237794625933e-05	103.0	1803	68963	51.5501	23.8702	2.49196	2725.38	0.219782	0.884303	0.601731	2026-09-15 10:07:35.260020+00:00
169	2.42	3.27	21.1	7.69	0.01485398625	4.516068857909744e-05	0.999265475	4.5360655761699454e-06	117.0	2690	68963	64.5333	24.0215	2.49222	594.735	0.0240982	1.13351	0.592292	2026-09-15 10:07:35.442820+00:00
170	3.52	5.09	14.81	5.35	0.01185570915	2.2175510644024407e-05	0.9889636725	6.684520912191439e-06	219.0	2067	68963	64.1258	23.9635	2.49201	856.642	0.0849479	1.12636	0.602102	2026-09-15 10:07:35.601332+00:00
171	4.3	2.22	20.19	2.4	0.0116907714	2.5704568950351944e-06	0.6464517359999999	9.851374446722372e-06	97.0	2262	68963	61.1187	23.9496	2.49242	497.401	0.0411472	0.965215	0.598889	2026-09-15 10:07:35.772514+00:00
172	2.38	4.5	15.87	6.69	0.0122747017	4.909043281445219e-05	0.9781041124999998	3.863455216451356e-06	120.0	1860	68963	62.6394	23.9376	2.49204	591.361	0.0795023	1.1984	0.602487	2026-09-15 10:07:35.921240+00:00
173	1.08	4.47	16.08	3.4	0.009741077915	3.586712168507773e-05	0.4840278355	1.477269972740145e-05	81.0	1101	68963	56.7272	23.8508	2.49203	1266.99	0.116108	0.985441	0.601981	2026-09-15 10:07:36.040961+00:00
174	2.28	3.52	8.85	3.49	0.0085586404799999	3.962067865761755e-05	0.6297439835	1.400014325519523e-05	118.0	963	68963	56.1549	24.049	2.4919	724.463	0.24244	1.13054	0.604989	2026-09-15 10:07:36.159015+00:00
175	5.5	5.01	12.44	3.25	0.0112101989999999	2.6068168992761488e-05	1.006408355	7.018237438901073e-06	207.0	1371	68963	65.449	24.0849	2.492	752.379	0.0693133	0.995161	0.597543	2026-09-15 10:07:36.291674+00:00
176	4.15	3.87	19.46	4.53	0.0129396291499999	2.2358512998280152e-05	0.8902652474999999	7.233004963726517e-06	111.0	2409	68963	64.3941	23.9428	2.49221	724.663	0.0897437	0.993048	0.599576	2026-09-15 10:07:36.466443+00:00
177	3.82	4.37	16.35	7.12	0.0139775997	3.3814431789248615e-05	1.16343816	5.92910299426082e-06	208.0	2101	68963	65.9806	24.0128	2.49205	1190.32	0.0794316	1.18716	0.598651	2026-09-15 10:07:36.625958+00:00
178	3.47	3.08	7.8	1.83	0.00799204731	3.866688140714544e-05	0.5659090525	1.4104149891007296e-05	114.0	838	68963	55.8304	24.2104	2.49191	1312.08	0.0390034	0.907017	0.597966	2026-09-15 10:07:36.734979+00:00
179	5.58	3.14	15.74	4.68	0.01280283155	6.945090247659945e-05	1.07303059	5.618901959897263e-06	152.0	2157	68963	64.8305	24.0224	2.49216	295.963	0.0409717	0.994076	0.598891	2026-09-15 10:07:36.901880+00:00
180	1.19	3.33	21.89	0.91	0.0106661424	1.4323065483073316e-05	0.1893545085	3.798604149082204e-05	94.0	2132	68963	55.9543	23.8686	2.49237	1315.0	0.111923	0.871027	0.601429	2026-09-15 10:07:37.065779+00:00
181	2.17	5.12	23.06	0.5	0.01123364255	6.328006828824487e-05	0.2469706725	6.3782635110899454e-06	86.0	1644	68963	58.9336	23.9203	2.49247	926.931	0.0974075	0.865321	0.599323	2026-09-15 11:21:43.136388+00:00
182	5.16	2.17	16.51	1.92	0.0108685167999999	3.0888238454526266e-05	0.7101522364999999	8.478729989135098e-06	111.0	2047	68963	60.6176	24.0883	2.49237	1241.76	0.129845	0.959853	0.598542	2026-09-15 11:21:43.296866+00:00
183	3.91	5.84	6.22	7.25	0.0148677056	2.40427133406785e-05	1.263290945	4.950527645493737e-06	138.0	1664	68963	65.5988	24.4406	2.49182	876.538	0.171886	2.37104	0.651174	2026-09-15 11:21:43.442472+00:00
184	0.17	2.25	14.09	2.65	0.00885089254	9.841547276441416e-06	0.303167176	2.319040856141304e-05	78.0	1093	68963	53.3303	23.9351	2.49193	1263.79	0.163614	0.964495	0.60243	2026-09-15 11:21:43.570844+00:00
185	1.13	2.11	23.12	5.66	0.0129170671	6.733733627573994e-05	0.6447534899999999	1.1116321053091316e-06	94.0	2232	68963	60.6987	23.9898	2.49237	429.815	0.067324	1.04544	0.595511	2026-09-15 11:21:43.742216+00:00
186	0.0	0.0	23.35	2.53	0.01123203965	4.9780823925942e-06	0.23361254	2.6173501967269723e-05	94.0	2282	68963	56.0059	23.9209	2.49241	3507.57	0.111597	0.927705	0.600351	2026-09-15 11:21:43.918373+00:00
187	0.0	0.0	10.62	6.74	0.0101799597499999	8.01080818959888e-05	0.73594089	3.911328472626521e-06	76.0	1354	68963	55.9928	24.0721	2.49195	3403.02	0.137642	1.54242	0.618408	2026-09-15 11:21:44.059365+00:00
188	0.0	0.0	12.7	3.55	0.008785108935	3.518133607738436e-05	0.3860291495	1.898212374784753e-05	84.0	1145	68963	53.5098	23.9991	2.49192	3414.91	0.173516	1.06734	0.604079	2026-09-15 11:21:44.184868+00:00
189	0.0	0.0	17.56	4.16	0.01012365845	6.79912076637207e-05	0.4392111505	4.653387987623734e-06	100.0	2187	68963	55.7475	23.8586	2.49213	3450.7	0.127853	1.02452	0.603967	2026-09-15 11:21:44.360505+00:00
190	0.0	0.0	18.72	0.61	0.009670885875	3.4117386926963187e-06	0.06542090805	9.819033230484633e-05	87.0	1775	68963	52.5816	23.8158	2.49211	3460.87	0.172589	0.848384	0.604214	2026-09-15 11:21:44.511013+00:00
191	0.0	0.0	8.1	1.48	0.007364911965	0.0001180827837819	0.1622251665	0.0001001929932927	83.0	680	68963	49.8727	24.202	2.49183	3391.42	0.252948	1.0203	0.601622	2026-09-15 11:21:44.619616+00:00
192	0.0	0.0	20.98	6.39	0.01211353615	3.9879479359596726e-06	0.642280871	9.712875200916217e-06	82.0	1739	68963	59.0999	23.9338	2.49237	3482.46	0.0480328	1.10467	0.59693	2026-09-15 11:21:44.774553+00:00
193	0.0	0.0	13.7	2.33	0.00869757396	4.039894751246904e-05	0.2528611215	3.252364059334476e-05	68.0	952	68963	52.6279	23.9003	2.49196	3421.36	0.073143	0.951498	0.60403	2026-09-15 11:21:44.898774+00:00
194	0.0	0.0	6.85	5.12	0.0092738384	1.0027363664899886e-05	0.5572878	1.2555553026631113e-05	74.0	1015	68963	53.0821	24.4432	2.49183	3386.81	0.337523	1.78003	0.632728	2026-09-15 11:21:45.021807+00:00
195	0.0	0.0	16.72	7.3	0.0115833845	4.57073406058132e-05	0.7737560834999999	1.018230645559753e-05	100.0	1780	68963	58.608	23.9782	2.49211	3443.72	0.0627321	1.2551	0.602613	2026-09-15 11:21:45.176323+00:00
196	6.0	5.06	19.13	1.71	0.01289508965	7.706026486203181e-06	0.8283625789999999	7.287300534207504e-06	159.0	3189	68963	67.2859	23.9657	2.49232	1082.6	0.0438823	0.899832	0.593901	2026-09-15 11:21:45.389858+00:00
197	6.0	5.28	9.31	4.59	0.01201031275	4.036255341104972e-05	1.229258235	5.650143921255168e-06	189.0	1489	68963	67.5563	24.2479	2.49193	1247.37	0.177216	1.25494	0.609382	2026-09-15 11:21:45.530234+00:00
198	6.0	4.19	17.55	3.53	0.01319764935	6.9010256024027786e-06	1.00928156	5.838718578619361e-06	183.0	4442	68963	66.6596	23.9772	2.49228	683.318	0.0855324	0.952312	0.597837	2026-09-15 11:21:45.790708+00:00
199	6.0	5.5	21.71	7.28	0.0209140912999999	5.318251180878347e-06	1.3030838799999998	4.634777072704232e-06	172.0	5603	68963	74.916	24.1913	2.49229	634.896	0.0366582	1.093	0.587148	2026-09-15 11:21:46.098410+00:00
200	6.0	5.83	12.53	3.16	0.012127641	5.167627053594117e-05	1.10505951	6.972056757411827e-06	228.0	1853	68963	68.9436	24.1664	2.49199	1197.66	0.0562015	1.02051	0.600442	2026-09-15 11:21:46.253641+00:00
201	6.0	2.7	23.72	4.15	0.01605944245	4.874190659936041e-05	0.904093636	5.057980441059928e-06	138.0	2199	68963	66.9759	24.1211	2.49272	1149.4	0.0296078	1.0144	0.584815	2026-09-15 11:21:46.424027+00:00
202	6.0	4.09	19.78	4.95	0.01538645255	7.921590842978478e-06	1.108901175	5.725102306099268e-06	183.0	5134	68963	68.6129	24.0142	2.49241	436.207	0.0104266	1.00119	0.593618	2026-09-15 11:21:46.713993+00:00
203	6.0	3.7	11.28	7.63	0.0148310523	6.33894165018288e-05	1.4516835500000005	3.608938167617568e-06	191.0	1940	68963	67.8206	24.3003	2.49197	969.853	0.116142	1.36192	0.607018	2026-09-15 11:21:46.873724+00:00
204	6.0	4.54	7.26	0.95	0.00880101933	4.1604641884278114e-05	0.7996817064999999	1.0880486089389676e-05	264.0	961	68963	61.3854	24.1672	2.49195	888.081	0.164642	0.861639	0.597633	2026-09-15 11:21:46.989839+00:00
205	6.0	3.11	6.8	5.46	0.01134589705	3.188361836498653e-05	1.21379776	5.8210508912032175e-06	192.0	1426	68963	63.2463	24.5786	2.49191	1233.79	0.133637	1.47196	0.610696	2026-09-15 11:21:47.124199+00:00
206	6.0	3.57	21.02	1.12	0.012601995	1.1304879151927694e-05	0.6930650439999999	8.870078429646014e-06	154.0	4892	68963	64.295	23.9788	2.4925	246.341	0.0474995	0.914431	0.595678	2026-09-15 11:21:47.401846+00:00
207	6.0	2.4	9.87	2.58	0.009906460375	8.685037733756568e-06	0.8907488910000001	7.412124785886774e-06	257.0	1669	68963	60.5059	24.3959	2.49205	728.482	0.255457	0.941267	0.595713	2026-09-15 11:21:47.552234+00:00
208	6.0	2.99	14.41	0.01	0.0100081659999999	4.3404169412946365e-06	0.6177647119999999	1.0528247868371226e-05	103.0	1534	68963	60.1877	24.0181	2.4922	2904.71	0.170853	0.903052	0.597956	2026-09-15 11:21:47.700595+00:00
209	6.0	2.1	16.62	6.6	0.0151916431	3.969513469479291e-05	1.2711629350000002	3.0761926335234343e-06	159.0	2468	68963	66.447	24.2104	2.49228	1146.79	0.0832312	1.09949	0.593386	2026-09-15 11:21:47.886110+00:00
210	6.0	4.82	13.94	5.96	0.01442546745	6.088028854901195e-05	1.312441965	1.4504424571154267e-06	203.0	2041	68963	69.2551	24.1238	2.49203	828.831	0.0152535	1.15201	0.599606	2026-09-15 11:21:48.051294+00:00
211	0.05	2.0	12.91	3.91	0.008931755855	3.550169995422524e-05	0.4304454245	1.8354088734391306e-05	82.0	1039	68963	54.0123	23.8635	2.49201	2430.76	0.0296991	1.09013	0.601815	2026-09-15 12:50:38.667749+00:00
212	4.08	2.0	16.34	7.59	0.01432357105	6.12958037670595e-06	1.196555085	4.932788651524192e-06	141.0	4242	68963	64.5658	24.149	2.49214	1016.01	0.0851434	1.13731	0.595687	2026-09-15 12:50:38.970006+00:00
213	0.84	2.0	11.55	1.75	0.008207647655	1.8407920305458392e-05	0.274622391	2.4166345365926828e-05	88.0	969	68963	52.5221	23.9753	2.4919	838.123	0.0569144	0.909947	0.601847	2026-09-15 12:50:39.104912+00:00
214	5.0	2.0	21.7	4.52	0.0141493732999999	8.747697110490484e-06	0.9058697415	6.774826908690033e-06	145.0	4494	68963	64.5325	24.0766	2.49258	734.378	0.0396714	1.05057	0.594137	2026-09-15 12:50:39.403533+00:00
215	3.56	2.0	15.11	0.0	0.0092145293849999	2.506820874594116e-05	0.3478217409999999	2.18739638931449e-05	82.0	1132	68963	55.836	23.9976	2.49224	5892.05	0.0884051	0.875072	0.599902	2026-09-15 12:50:39.549529+00:00
216	5.75	2.0	19.55	2.3	0.0123093658	3.97418238701107e-05	0.779445857	8.041009436975198e-06	104.0	2206	68963	62.6559	24.0882	2.49252	843.611	0.0705155	1.00935	0.597316	2026-09-15 12:50:39.741652+00:00
217	4.43	2.0	9.25	1.13	0.008524837575	1.4375239334646018e-05	0.5652537435	1.380358648253615e-05	109.0	1064	68963	56.2143	24.2791	2.49204	1379.67	0.251122	0.962045	0.601609	2026-09-15 12:50:39.882041+00:00
218	2.88	2.0	6.16	3.37	0.008078777455	9.44842910484401e-05	0.6534692459999999	1.5535986821294343e-05	176.0	823	68963	55.206	24.3439	2.4919	1208.5	0.28358	1.22138	0.60309	2026-09-15 12:50:40.006491+00:00
219	1.74	2.0	8.21	6.02	0.009915837755	2.461014583654745e-05	0.828729285	8.162239292096841e-06	193.0	1194	68963	56.9362	24.329	2.49185	768.729	0.145585	1.49577	0.61926	2026-09-15 12:50:40.138677+00:00
220	1.61	2.0	20.65	0.57	0.0103169948	2.630664569504135e-05	0.2030251705	3.7545469599573705e-05	87.0	1408	68963	55.4722	23.8558	2.49229	515.94	0.0923383	0.874155	0.601736	2026-09-15 12:50:40.280460+00:00
221	0.63	2.0	18.25	7.41	0.01238102645	6.687861521225205e-05	0.8342923445000001	6.211361385172836e-06	113.0	1986	68963	60.1263	23.9277	2.49221	1107.11	0.0497474	1.19664	0.598436	2026-09-15 12:50:40.449484+00:00
222	5.54	2.0	10.12	6.82	0.01282220695	7.395138910501581e-05	1.284191505	5.641679236412583e-06	210.0	1512	68963	63.7526	24.4094	2.49203	1296.46	0.1333	1.12411	0.600692	2026-09-15 12:50:40.592060+00:00
223	2.46	2.0	22.85	5.66	0.01362137665	6.062052415933676e-05	0.7703869419999999	4.0493378713580825e-06	98.0	2393	68963	62.4791	24.0159	2.49241	1064.78	0.0389291	1.05015	0.595554	2026-09-15 12:50:40.777075+00:00
224	3.7	2.0	13.56	5.02	0.01102589205	2.274965134292469e-05	0.9112723355	7.362144565167258e-06	234.0	1432	68963	60.5334	24.0923	2.49213	542.789	0.165121	1.03415	0.597714	2026-09-15 12:50:40.921393+00:00
225	2.2	2.0	16.92	3.18	0.0102162191499999	7.570506330286394e-06	0.54992232	1.2502463303655252e-05	98.0	2003	68963	57.6937	23.8819	2.49212	1312.58	0.129102	0.956889	0.602272	2026-09-15 12:50:41.089349+00:00
226	0.1	6.0	14.71	5.79	0.01024434715	3.322567489932285e-05	0.638581221	1.0538157438498758e-05	98.0	2202	68963	56.7129	23.9099	2.49206	1234.28	0.0854166	1.2029	0.605851	2026-09-15 12:50:41.267732+00:00
227	2.1	6.0	13.8	1.9	0.009126249615	1.314758154065022e-05	0.4787554414999999	1.3619161176973924e-05	98.0	1259	68963	58.1964	23.9351	2.49195	874.203	0.168331	0.924939	0.601955	2026-09-15 12:50:41.400042+00:00
228	5.95	6.0	18.43	4.91	0.01603693745	6.25328857515919e-05	1.19940284	3.239237969204209e-06	157.0	2675	68963	73.0933	24.0876	2.49224	495.954	0.0344987	1.03955	0.596014	2026-09-15 12:50:41.595974+00:00
229	0.9	6.0	19.69	0.61	0.0100172354	4.770731314140017e-06	0.1566743675	4.058988228485017e-05	91.0	1906	68963	55.4684	23.8232	2.49219	762.393	0.174051	0.854581	0.604274	2026-09-15 12:50:41.760519+00:00
230	1.99	6.0	23.91	3.85	0.0127980373499999	1.673034423739815e-05	0.562148153	1.1138438778600107e-05	94.0	2175	68963	63.1464	23.998	2.49246	599.488	0.0587666	0.974163	0.595464	2026-09-15 12:50:41.938714+00:00
231	3.83	6.0	10.44	4.78	0.01091104795	2.4351259121580768e-05	1.02834763	7.121582315443764e-06	202.0	1333	68963	64.7434	24.0934	2.49191	834.607	0.171823	1.2906	0.609597	2026-09-15 12:50:42.078704+00:00
232	5.24	6.0	7.2	2.74	0.00998188303	6.489331859708504e-05	0.996983757	8.369058247938994e-06	213.0	1049	68963	65.4157	24.6198	2.49183	1074.62	0.182431	1.32	0.609375	2026-09-15 12:50:42.207503+00:00
233	0.76	6.0	11.9	3.38	0.00876092163	1.2681860313077016e-05	0.4696245845	1.4044469340399088e-05	92.0	1210	68963	55.2406	23.9302	2.49194	574.947	0.0814908	1.0715	0.6041	2026-09-15 12:50:42.342237+00:00
234	3.54	6.0	22.21	6.14	0.0154829062	5.148218370840928e-05	0.99363771	2.178461584327715e-06	120.0	2723	68963	69.1717	24.0585	2.49228	896.434	0.0219514	1.07061	0.594879	2026-09-15 12:50:42.539452+00:00
235	2.66	6.0	17.85	7.77	0.0143890745	1.0452742169861369e-05	1.132002605	5.676355994418347e-06	175.0	4181	68963	66.9736	24.0338	2.49209	667.138	0.0405012	1.24155	0.599464	2026-09-15 12:50:42.802812+00:00
236	3.04	6.0	9.47	0.23	0.00803551435	1.4656701801971597e-05	0.4332490794999999	1.643482838688869e-05	93.0	914	68963	57.6924	24.1329	2.49189	1353.83	0.256234	0.854245	0.598207	2026-09-15 12:50:42.928911+00:00
237	4.79	6.0	12.9	7.02	0.01453357645	2.193103732243148e-05	1.3580332399999997	4.5667558096859495e-06	177.0	2415	68963	70.3895	24.1856	2.49195	989.583	0.0503324	1.37287	0.611216	2026-09-15 12:50:43.111994+00:00
238	5.19	6.0	15.9	1.38	0.0113881722999999	2.9567695160592183e-05	0.8016828300000001	8.560190608269293e-06	152.0	1987	68963	66.7854	23.976	2.49216	605.1	0.125841	0.897026	0.599815	2026-09-15 12:50:43.275173+00:00
239	4.21	6.0	21.12	2.61	0.01290195205	1.3178647960291676e-05	0.7396194015	8.440275385395362e-06	159.0	5061	68963	67.1	23.9847	2.49233	832.42	0.0362426	0.93695	0.598299	2026-09-15 12:50:43.567595+00:00
240	1.6	6.0	7.21	6.7	0.0113864625499999	4.22968830064366e-05	0.935125841	7.374904998495607e-06	122.0	1228	68963	59.3488	24.3948	2.49188	608.353	0.262103	1.98598	0.647212	2026-09-15 12:50:43.707427+00:00
241	2.6	4.62	6.0	3.35	0.00836933289	4.059226916528095e-05	0.6699450320000001	1.3391444059377322e-05	165.0	888	68963	56.5281	24.237	2.49185	1336.8	0.0380936	1.55836	0.613997	2026-09-15 20:07:32.207681+00:00
242	1.31	3.04	6.0	0.67	0.006913622935	1.969703908926827e-05	0.2100036555	3.641999067099186e-05	89.0	770	68963	50.4941	24.1977	2.49185	1382.07	0.342311	0.951681	0.60211	2026-09-15 20:07:32.334999+00:00
243	5.79	3.81	6.0	3.2	0.009378609715	2.8434742542803408e-05	0.9805512045	6.824067268039886e-06	234.0	1111	68963	61.4263	24.3232	2.49191	1181.08	0.203669	1.28796	0.604247	2026-09-15 20:07:32.459902+00:00
244	5.06	2.78	6.0	7.23	0.01282537485	3.605337683773607e-05	1.28490702	5.467818800606248e-06	163.0	1345	68963	62.8551	24.4555	2.49191	816.187	0.291761	2.03677	0.632129	2026-09-15 20:07:32.594232+00:00
245	2.22	2.27	6.0	1.64	0.00722503203	8.484877774600423e-05	0.402092391	2.841335549243192e-05	93.0	729	68963	52.5929	24.239	2.49189	1118.13	0.154784	0.999804	0.601342	2026-09-15 20:07:32.706877+00:00
246	0.2	3.41	6.0	5.13	0.009298352395	1.0556973749570282e-05	0.578806201	1.1997127405930946e-05	80.0	1027	68963	53.147	24.247	2.49186	1088.74	0.333279	2.00621	0.634254	2026-09-15 20:07:32.828017+00:00
247	3.97	5.59	6.0	1.42	0.008000319055	0.0001280178276557	0.6658266465	1.6343956659486864e-05	241.0	826	68963	59.2582	24.2587	2.49187	1403.25	0.0308864	1.19188	0.603425	2026-09-15 20:07:32.940381+00:00
248	4.74	4.18	6.0	0.13	0.00769147503	2.1626362584037755e-05	0.5486755415000001	1.4967115751887927e-05	127.0	868	68963	57.0206	24.2552	2.49191	783.829	0.322859	1.06257	0.601647	2026-09-15 20:07:33.053403+00:00
249	5.5	5.41	6.0	4.54	0.01131673485	1.998175581765623e-05	1.17058655	5.816429570532658e-06	187.0	1386	68963	65.6231	24.3538	2.49187	943.24	0.173626	1.84245	0.628069	2026-09-15 20:07:33.190524+00:00
250	3.13	4.88	6.0	6.67	0.01248687155	3.0167919044468005e-05	1.0800547900000002	6.225177981301582e-06	157.0	1412	68963	61.2912	24.3268	2.49183	1029.99	0.309905	2.26316	0.647295	2026-09-15 20:07:33.329870+00:00
251	1.62	5.89	6.0	5.93	0.01095465035	2.470099773198952e-05	0.8512591190000001	8.692413033877922e-06	145.0	1443	68963	58.0975	24.2849	2.49185	1169.55	0.334797	2.18692	0.643922	2026-09-15 20:07:33.472574+00:00
252	0.49	5.11	6.0	2.62	0.0074718942349999	1.5795298833984133e-05	0.3469794475	1.867118618535792e-05	87.0	891	68963	51.4372	24.2041	2.49184	769.615	0.217231	1.46251	0.610082	2026-09-15 20:07:33.586970+00:00
253	1.14	4.08	6.0	7.97	0.0144527137499999	5.569404447434462e-05	0.969910376	7.547224569113786e-06	69.0	1346	68963	57.8418	24.3383	2.49186	1253.13	0.138829	2.57138	0.646327	2026-09-15 20:07:33.719525+00:00
254	4.3	3.07	6.0	5.86	0.01084231625	4.410392520199991e-05	1.078293565	6.955791292449884e-06	182.0	1147	68963	60.5848	24.3561	2.49189	1383.0	0.161002	1.84847	0.625773	2026-09-15 20:07:33.847875+00:00
255	3.25	2.05	6.0	3.95	0.00849451864	0.0001127623482576	0.7528613114999999	9.028868970635846e-06	247.0	838	68963	56.2851	24.341	2.49191	1276.49	0.157279	1.33525	0.60467	2026-09-15 20:07:33.958511+00:00
256	0.96	5.26	24.0	4.25	0.01235681615	5.99731651902564e-05	0.4864226055	1.270873014455211e-05	82.0	1727	68963	60.2456	23.9822	2.49251	872.919	0.0220753	0.98459	0.59232	2026-09-15 20:07:34.106553+00:00
257	0.06	4.22	24.0	2.93	0.0115594068	6.938460600999798e-06	0.2773488925	2.161629665418612e-05	146.0	4351	68963	56.7326	23.9503	2.49252	1992.21	0.0334404	0.940576	0.597785	2026-09-15 20:07:34.365300+00:00
258	5.37	5.04	24.0	0.72	0.0135954415	9.41053777615368e-06	0.570145648	1.05862018782323e-05	107.0	3016	68963	66.4428	24.0521	2.49261	439.827	0.0151017	0.889897	0.592086	2026-09-15 20:07:34.573821+00:00
259	4.77	4.41	24.0	5.17	0.0165133475	3.8979979598645976e-05	0.9211332615	3.1344833534702937e-06	102.0	2244	68963	68.4258	24.094	2.49249	490.98	0.0252965	1.00564	0.588168	2026-09-15 20:07:34.747518+00:00
260	5.65	3.86	24.0	3.66	0.0157907428	5.409341061947408e-05	0.84651858	2.18631539314137e-06	102.0	2886	68963	67.6415	24.0809	2.49265	299.635	0.0324197	0.968501	0.588265	2026-09-15 20:07:34.945827+00:00
261	1.69	4.69	24.0	7.67	0.01562176875	1.236432510075465e-05	0.8702870690000001	7.082286351280796e-06	117.0	2782	68963	64.9784	24.0909	2.49255	335.965	0.0117112	1.11201	0.583822	2026-09-15 20:07:35.137023+00:00
262	2.92	3.91	24.0	6.44	0.0152793209	1.0583598892767272e-05	0.8797601735	7.051613295304366e-06	128.0	3078	68963	65.564	24.0762	2.49248	400.899	0.0196149	1.05644	0.588106	2026-09-15 20:07:35.345311+00:00
263	1.35	3.41	24.0	0.44	0.0112655505999999	4.135396040788286e-05	0.1450006819999999	5.1325431127975335e-05	93.0	2276	68963	56.4629	23.9424	2.49254	1125.68	0.0387976	0.866239	0.596739	2026-09-15 20:07:35.523105+00:00
264	3.82	5.67	24.0	6.17	0.0167775351	2.60977626766764e-05	0.9615870535	7.028397526291942e-06	156.0	3125	68963	69.7391	24.12	2.49247	852.942	0.0209488	1.0518	0.589121	2026-09-15 20:07:35.736121+00:00
265	2.28	2.13	24.0	4.58	0.0131529817	1.385806079113933e-05	0.627286801	9.819668260980446e-06	127.0	3936	68963	61.5655	24.0198	2.49247	1070.61	0.0542533	1.01006	0.594063	2026-09-15 20:07:35.978907+00:00
266	3.55	2.34	24.0	1.57	0.01219910995	5.892478658543762e-05	0.446492403	2.4482179126157136e-06	87.0	2227	68963	60.5148	24.0024	2.4927	586.737	0.0577004	0.94061	0.597214	2026-09-15 20:07:36.152527+00:00
267	5.19	2.66	24.0	7.16	0.01917188745	1.3137723903134124e-05	1.10108575	5.705565122197916e-06	139.0	3594	68963	68.815	24.1904	2.49255	945.589	0.0158928	1.0793	0.580396	2026-09-15 20:07:36.377496+00:00
268	2.55	5.99	24.0	1.82	0.01220014605	7.550641680943704e-06	0.416462015	1.4756663659191124e-05	99.0	2529	68963	62.6866	23.9892	2.49252	485.108	0.0381463	0.909877	0.596411	2026-09-15 20:07:36.559596+00:00
269	4.06	3.23	24.0	2.21	0.0128903029	2.554875109580395e-06	0.5638288294999999	1.0776962901106268e-05	101.0	2810	68963	62.6762	24.009	2.49262	897.42	0.0488633	0.936081	0.59577	2026-09-15 20:07:36.755601+00:00
270	0.6	2.99	24.0	5.8	0.01303260485	5.473738398958229e-06	0.594117076	1.0373069738168914e-05	109.0	2768	68963	60.4625	24.0145	2.49255	625.436	0.0243687	1.04363	0.592211	2026-09-15 20:07:36.951239+00:00
271	4.19	3.46	22.66	0.0	0.0115867569999999	6.142751946193818e-05	0.377809745	2.1981668632086965e-05	90.0	1987	68963	60.4942	23.9422	2.49259	5924.76	0.0830015	0.877397	0.598777	2026-09-16 06:39:26.330692+00:00
272	0.4	4.96	11.34	0.0	0.0079179383649999	0.0001511829610949	0.0469994802	0.0002780312861836	68.0	634	68963	50.4081	24.0468	2.49186	5865.37	0.136152	0.821648	0.599754	2026-09-16 06:39:26.438281+00:00
273	1.83	2.47	18.14	0.0	0.009612651045	2.9135609060275777e-05	0.1770010229999999	3.481309543154236e-05	128.0	2232	68963	54.5548	23.8314	2.49217	5889.94	0.142805	0.836753	0.603055	2026-09-16 06:39:26.603941+00:00
274	2.7	4.64	23.95	0.0	0.01157848725	2.200936208333108e-05	0.231062669	2.6029997006800565e-05	124.0	3517	68963	59.3799	23.9601	2.49262	5928.76	0.0376373	0.857137	0.595606	2026-09-16 06:39:26.821350+00:00
275	5.23	2.75	9.1	0.0	0.008516436965	0.0011193275378301	0.538762474	6.330833428098338e-05	82.0	608	68963	56.9097	24.194	2.49203	5877.84	0.125686	1.05429	0.603801	2026-09-16 06:39:26.924613+00:00
276	3.44	2.04	14.26	0.0	0.009011339965	5.811640012189827e-05	0.3380842174999999	2.508976939867125e-05	70.0	1120	68963	55.4068	23.9534	2.49215	5886.58	0.0305284	0.882985	0.601358	2026-09-16 06:39:27.049454+00:00
277	2.96	3.21	10.74	0.0	0.008124772175	9.120799175429132e-06	0.312224611	2.493998989384457e-05	80.0	1132	68963	54.262	24.0222	2.49198	5875.21	0.10129	0.860489	0.600195	2026-09-16 06:39:27.177296+00:00
278	4.45	4.81	14.42	0.0	0.0094794506	7.532241793585798e-05	0.5196036035	8.74525538815307e-06	92.0	1208	68963	60.1965	23.8862	2.49214	5887.96	0.108386	0.819484	0.598529	2026-09-16 06:39:27.305219+00:00
279	1.53	3.8	6.53	0.0	0.006987363595	4.803886451165374e-05	0.1676641935	5.699914288629953e-05	87.0	692	68963	50.6748	24.3192	2.49184	5864.85	0.234928	0.954292	0.600935	2026-09-16 06:39:27.413600+00:00
280	0.96	5.76	16.69	0.0	0.009205435105	4.625143416982117e-05	0.1157559965	6.071640870937186e-05	84.0	1252	68963	53.8851	23.8597	2.49201	5878.52	0.139804	0.820991	0.604473	2026-09-16 06:39:27.543459+00:00
281	5.85	4.05	16.89	0.0	0.0107658069499999	1.5452221685262524e-05	0.6248349885	9.97634886641441e-06	102.0	2339	68963	62.3803	23.9267	2.49225	5897.99	0.0630839	0.855512	0.598833	2026-09-16 06:39:27.715874+00:00
282	3.87	5.65	8.07	0.0	0.007930419535	6.55093924429614e-06	0.501057804	1.6107964359520817e-05	111.0	1057	68963	58.4228	24.2577	2.49188	5869.11	0.25796	0.833648	0.598559	2026-09-16 06:39:27.835764+00:00
283	4.91	5.28	19.85	0.0	0.01144370775	2.408390860608621e-05	0.5366804709999999	1.1080039594512968e-05	102.0	2720	68963	63.9531	23.9284	2.49238	5909.84	0.0443665	0.85174	0.597593	2026-09-16 06:39:28.025195+00:00
284	2.28	4.14	12.26	0.0	0.00833008697	3.785325408308575e-05	0.2546398825	2.6886009666375457e-05	83.0	1020	68963	54.2465	23.9505	2.49197	5874.88	0.0922955	0.827545	0.600868	2026-09-16 06:39:28.140659+00:00
285	0.52	2.93	20.78	0.0	0.0102216316999999	3.418671416582638e-05	0.0463048492	0.0001571721062162	87.0	1846	68963	53.4879	23.8337	2.49227	5897.41	0.106384	0.834859	0.602541	2026-09-16 06:39:28.287882+00:00
286	0.3	5.04	12.06	8.0	0.0114847442	7.230635490561753e-05	0.903701627	2.7799047112638394e-06	88.0	1622	68963	58.4344	24.0619	2.49199	695.579	0.0937824	1.56579	0.615371	2026-09-16 06:39:28.426361+00:00
287	1.99	5.58	18.18	8.0	0.0140013187	8.617900100972202e-06	1.06229198	5.697340626657707e-06	153.0	4113	68963	64.9107	23.9698	2.49221	341.034	0.0661193	1.24302	0.597093	2026-09-16 06:39:28.661333+00:00
288	1.5	2.54	7.39	8.0	0.01219331645	5.685765810455015e-05	1.0123105849999998	4.33668969151456e-06	112.0	1479	68963	58.447	24.2393	2.49186	1373.88	0.236154	2.08935	0.641695	2026-09-16 06:39:28.800362+00:00
289	4.04	3.44	11.95	8.0	0.0135980541499999	6.803625477439327e-05	1.285364505	3.8049947150451193e-06	198.0	1769	68963	64.6938	24.125	2.49197	615.445	0.130675	1.41088	0.608076	2026-09-16 06:39:28.950030+00:00
290	5.87	3.04	16.91	8.0	0.0171137467	3.3606245725495496e-05	1.403545775	9.623442926206194e-07	148.0	2626	68963	68.8649	24.1287	2.4922	368.237	0.0401561	1.13094	0.592011	2026-09-16 06:39:29.125375+00:00
291	0.97	4.52	15.75	8.0	0.01246318185	6.682738010698011e-05	0.960611862	4.189136478299484e-06	128.0	1995	68963	61.0079	23.954	2.49212	454.384	0.0958876	1.32577	0.602388	2026-09-16 06:39:29.285689+00:00
292	4.52	2.23	13.5	8.0	0.014257072	6.723578418634148e-05	1.301434565	3.780394816342608e-06	224.0	1961	68963	64.833	24.2093	2.49212	1148.53	0.131888	1.21376	0.598298	2026-09-16 06:39:29.441524+00:00
293	2.58	2.41	20.51	8.0	0.01502875095	6.759732855143945e-06	1.046194275	5.761248712535979e-06	174.0	4371	68963	64.4294	24.0341	2.49221	1236.41	0.0507781	1.14657	0.591548	2026-09-16 06:39:29.697807+00:00
294	4.84	4.89	22.31	8.0	0.0196712444999999	3.062637545689206e-05	1.23534181	5.051642174459337e-06	145.0	3443	68963	71.7383	24.1398	2.49234	435.579	0.00977678	1.1199	0.585871	2026-09-16 06:39:29.911249+00:00
295	5.57	5.45	9.14	8.0	0.01566751815	5.758524465935934e-05	1.521362825	2.654112197278522e-06	186.0	1965	68963	70.4097	24.3213	2.49189	657.577	0.136678	1.83925	0.631276	2026-09-16 06:39:30.067833+00:00
296	2.29	3.75	9.76	8.0	0.0123171830499999	7.64068798888376e-05	1.1118888600000003	4.411538182969082e-06	164.0	1528	68963	61.1397	24.2877	2.49185	857.538	0.235622	1.71687	0.628899	2026-09-16 06:39:30.215397+00:00
297	0.73	3.29	23.55	8.0	0.01477635975	7.796000182700753e-05	0.8264693255000001	2.977647996147911e-06	118.0	2599	68963	62.7834	24.0749	2.49263	359.647	0.0371919	1.13725	0.587871	2026-09-16 06:39:30.394891+00:00
298	3.95	4.08	19.89	8.0	0.0164756522	5.016176661564503e-06	1.201393575	5.035947488480618e-06	223.0	4725	68963	67.8956	24.0463	2.49221	423.224	0.0100372	1.15311	0.591449	2026-09-16 06:39:30.657579+00:00
299	3.15	5.88	14.94	8.0	0.01425128355	4.576209637272872e-05	1.241856275	1.4868462094890083e-06	134.0	2056	68963	67.3458	24.066	2.492	1032.23	0.0690647	1.3636	0.606173	2026-09-16 06:39:30.818892+00:00
300	3.4	4.3	6.42	8.0	0.01479795685	2.94655090178119e-05	1.221880815	6.288501645609723e-06	150.0	1760	68963	62.5982	24.4711	2.49182	1185.65	0.129109	2.32784	0.64925	2026-09-16 06:39:30.967892+00:00
