config	M	P	T	AoA
1	0.0	0.0	6.0	0.0
2	0.0	0.0	6.0	8.0
3	0.0	0.0	24.0	0.0
4	0.0	0.0	24.0	8.0
5	6.0	2.0	6.0	0.0
6	6.0	2.0	6.0	8.0
7	6.0	2.0	24.0	0.0
8	6.0	2.0	24.0	8.0
9	6.0	6.0	6.0	0.0
10	6.0	6.0	6.0	8.0
11	6.0	6.0	24.0	0.0
12	6.0	6.0	24.0	8.0
13	5.79	5.72	13.87	5.3
14	1.02	4.94	16.48	4.03
15	2.83	4.0	23.46	2.58
16	0.69	4.13	6.73	4.82
17	0.24	5.64	8.38	7.02
18	5.72	4.06	22.44	0.84
19	3.18	2.98	21.68	4.93
20	0.36	3.35	17.1	6.41
21	3.78	3.81	8.62	5.43
22	1.64	3.17	10.06	1.76
23	0.71	2.77	10.65	6.95
24	3.23	5.19	10.26	6.63
25	4.38	4.74	15.07	3.72
26	4.83	3.72	7.47	0.73
27	0.45	5.92	19.1	0.35
28	2.91	5.57	7.41	2.1
29	4.5	3.24	9.45	1.99
30	3.07	4.57	8.13	7.62
31	1.97	4.23	16.21	2.02
32	1.27	3.1	16.72	4.54
33	1.34	5.84	23.68	5.14
34	2.96	2.66	19.55	1.29
35	4.05	2.01	13.97	5.54
36	1.25	5.13	6.15	5.72
37	3.98	3.58	10.77	3.56
38	5.13	5.05	8.74	6.47
39	5.84	3.43	11.74	7.86
40	4.43	3.94	17.23	2.87
41	2.59	3.27	23.95	4.11
42	1.16	3.84	20.48	7.45
43	0.07	4.62	23.33	4.46
44	0.81	4.75	19.95	2.06
45	3.15	2.52	18.32	3.89
46	4.13	2.69	6.05	5.9
47	3.95	2.86	15.35	6.29
48	3.72	2.83	22.8	2.53
49	1.9	2.57	18.66	3.08
50	5.28	4.18	7.97	7.35
51	0.94	3.68	21.2	1.24
52	3.09	2.76	14.9	7.41
53	4.76	2.26	16.76	7.04
54	4.71	4.15	10.86	0.32
55	5.32	5.98	14.97	6.76
56	3.33	3.74	17.03	5.96
57	2.07	4.09	18.74	6.02
58	4.18	4.55	9.94	5.63
59	3.65	4.72	21.4	4.2
60	5.02	2.61	13.25	0.75
61	0.28	4.54	17.78	1.04
62	2.86	3.77	11.93	1.15
63	5.22	4.39	22.58	6.16
64	4.73	5.97	6.53	3.37
65	5.83	5.28	11.15	1.07
66	3.63	2.2	22.41	0.14
67	2.16	3.7	13.61	5.12
68	2.0	2.53	6.99	5.06
69	0.52	3.92	10.41	7.2
70	0.39	3.5	9.22	2.18
71	5.17	4.59	12.48	2.27
72	2.71	3.31	12.74	4.33
73	1.82	5.61	21.74	7.66
74	2.93	4.25	21.58	7.85
75	3.04	5.79	20.74	3.79
76	0.35	2.64	22.17	3.32
77	0.96	3.06	12.1	5.37
78	1.86	5.76	14.63	0.54
79	1.06	2.93	14.67	0.03
80	3.2	4.43	11.5	5.8
81	2.52	2.06	9.31	0.45
82	0.77	2.04	20.65	3.58
83	5.09	2.6	11.36	4.88
84	4.07	5.46	17.29	0.62
85	1.53	5.44	11.54	0.83
86	5.6	4.9	7.68	0.18
87	0.14	4.15	19.75	5.55
88	5.94	2.41	20.31	6.08
89	5.74	2.08	11.97	3.88
90	2.79	2.97	15.95	1.0
91	5.26	5.52	20.44	2.44
92	3.49	4.21	12.33	2.98
93	3.27	3.46	18.46	6.75
94	5.06	2.44	23.53	6.93
95	3.79	5.39	23.82	3.64
96	2.77	5.3	18.02	5.48
97	4.33	4.42	7.1	4.39
98	0.99	2.13	7.24	7.93
99	1.42	3.6	6.89	3.83
100	4.27	3.21	19.7	1.18
101	0.1	2.33	8.49	4.02
102	3.6	2.32	10.94	5.0
103	0.87	4.68	13.33	6.82
104	4.52	5.42	20.92	7.98
105	2.12	5.47	8.57	2.79
106	2.33	2.7	20.12	6.61
107	0.65	2.8	6.34	0.93
108	1.45	3.8	22.1	2.69
109	5.91	3.11	16.89	3.23
110	0.62	4.85	9.02	3.11
111	3.35	5.51	15.6	2.15
112	2.21	2.51	17.71	0.68
113	2.25	2.47	11.06	6.53
114	4.22	4.48	18.24	1.57
115	2.48	4.99	13.51	4.22
116	1.78	2.37	18.08	5.23
117	4.9	3.37	18.51	4.81
118	4.0	2.42	12.79	2.86
119	0.3	5.66	15.43	4.72
120	5.34	2.72	6.71	1.4
121	3.88	3.89	17.59	1.5
122	3.55	5.23	21.96	6.38
123	3.02	2.28	8.96	2.34
124	2.74	3.62	13.02	7.56
125	3.7	3.4	9.74	0.6
126	5.48	4.78	19.21	3.01
127	1.94	5.95	9.62	5.85
128	0.57	4.84	22.69	7.5
129	2.62	4.8	7.32	0.07
130	1.47	4.07	14.28	6.13
131	5.52	3.03	21.35	3.44
132	3.41	4.02	13.73	1.87
133	1.59	3.57	15.25	4.96
134	4.94	4.92	18.85	6.88
135	4.45	5.15	17.54	7.16
136	1.73	4.35	20.83	0.23
137	0.88	5.88	11.21	2.46
138	1.54	2.37	14.34	1.64
139	5.44	3.45	16.15	0.22
140	4.59	2.16	9.39	7.36
141	1.31	3.98	10.37	0.4
142	2.31	4.96	22.9	1.46
143	0.46	2.85	19.36	7.27
144	5.86	3.92	8.03	4.61
145	4.37	5.37	12.61	4.66
146	2.45	5.18	9.76	2.92
147	5.41	3.01	8.24	6.5
148	5.63	4.27	19.3	4.15
149	5.67	3.54	14.5	7.74
150	1.77	2.92	12.22	3.96
151	4.79	2.89	23.76	2.26
152	4.99	5.34	10.03	3.69
153	2.55	4.88	14.15	6.01
154	4.58	4.64	13.13	1.69
155	1.68	4.29	7.64	4.29
156	2.05	4.7	6.47	2.59
157	3.4	5.73	10.55	3.17
158	1.63	5.31	19.87	6.23
159	4.86	5.8	18.97	1.36
160	4.63	3.64	23.24	5.78
161	0.2	3.2	12.92	6.26
162	1.38	5.55	11.67	7.77
163	6.0	5.6	22.32	5.19
164	4.67	5.69	21.07	1.59
165	0.54	5.24	17.38	1.74
166	2.65	5.89	17.93	4.41
167	0.78	4.33	15.57	2.73
168	0.02	5.06	13.42	1.3
169	2.42	3.27	21.1	7.69
170	3.52	5.09	14.81	5.35
171	4.3	2.22	20.19	2.4
172	2.38	4.5	15.87	6.69
173	1.08	4.47	16.08	3.4
174	2.28	3.52	8.85	3.49
175	5.5	5.01	12.44	3.25
176	4.15	3.87	19.46	4.53
177	3.82	4.37	16.35	7.12
178	3.47	3.08	7.8	1.83
179	5.58	3.14	15.74	4.68
180	1.19	3.33	21.89	0.91
181	2.17	5.12	23.06	0.5
182	5.16	2.17	16.51	1.92
183	3.91	5.84	6.22	7.25
184	0.17	2.25	14.09	2.65
185	1.13	2.11	23.12	5.66
186	0.0	0.0	23.35	2.53
187	0.0	0.0	10.62	6.74
188	0.0	0.0	12.7	3.55
189	0.0	0.0	17.56	4.16
190	0.0	0.0	18.72	0.61
191	0.0	0.0	8.1	1.48
192	0.0	0.0	20.98	6.39
193	0.0	0.0	13.7	2.33
194	0.0	0.0	6.85	5.12
195	0.0	0.0	16.72	7.3
196	6.0	5.06	19.13	1.71
197	6.0	5.28	9.31	4.59
198	6.0	4.19	17.55	3.53
199	6.0	5.5	21.71	7.28
200	6.0	5.83	12.53	3.16
201	6.0	2.7	23.72	4.15
202	6.0	4.09	19.78	4.95
203	6.0	3.7	11.28	7.63
204	6.0	4.54	7.26	0.95
205	6.0	3.11	6.8	5.46
206	6.0	3.57	21.02	1.12
207	6.0	2.4	9.87	2.58
208	6.0	2.99	14.41	0.01
209	6.0	2.1	16.62	6.6
210	6.0	4.82	13.94	5.96
211	0.05	2.0	12.91	3.91
212	4.08	2.0	16.34	7.59
213	0.84	2.0	11.55	1.75
214	5.0	2.0	21.7	4.52
215	3.56	2.0	15.11	0.0
216	5.75	2.0	19.55	2.3
217	4.43	2.0	9.25	1.13
218	2.88	2.0	6.16	3.37
219	1.74	2.0	8.21	6.02
220	1.61	2.0	20.65	0.57
221	0.63	2.0	18.25	7.41
222	5.54	2.0	10.12	6.82
223	2.46	2.0	22.85	5.66
224	3.7	2.0	13.56	5.02
225	2.2	2.0	16.92	3.18
226	0.1	6.0	14.71	5.79
227	2.1	6.0	13.8	1.9
228	5.95	6.0	18.43	4.91
229	0.9	6.0	19.69	0.61
230	1.99	6.0	23.91	3.85
231	3.83	6.0	10.44	4.78
232	5.24	6.0	7.2	2.74
233	0.76	6.0	11.9	3.38
234	3.54	6.0	22.21	6.14
235	2.66	6.0	17.85	7.77
236	3.04	6.0	9.47	0.23
237	4.79	6.0	12.9	7.02
238	5.19	6.0	15.9	1.38
239	4.21	6.0	21.12	2.61
240	1.6	6.0	7.21	6.7
241	2.6	4.62	6.0	3.35
242	1.31	3.04	6.0	0.67
243	5.79	3.81	6.0	3.2
244	5.06	2.78	6.0	7.23
245	2.22	2.27	6.0	1.64
246	0.2	3.41	6.0	5.13
247	3.97	5.59	6.0	1.42
248	4.74	4.18	6.0	0.13
249	5.5	5.41	6.0	4.54
250	3.13	4.88	6.0	6.67
251	1.62	5.89	6.0	5.93
252	0.49	5.11	6.0	2.62
253	1.14	4.08	6.0	7.97
254	4.3	3.07	6.0	5.86
255	3.25	2.05	6.0	3.95
256	0.96	5.26	24.0	4.25
257	0.06	4.22	24.0	2.93
258	5.37	5.04	24.0	0.72
259	4.77	4.41	24.0	5.17
260	5.65	3.86	24.0	3.66
261	1.69	4.69	24.0	7.67
262	2.92	3.91	24.0	6.44
263	1.35	3.41	24.0	0.44
264	3.82	5.67	24.0	6.17
265	2.28	2.13	24.0	4.58
266	3.55	2.34	24.0	1.57
267	5.19	2.66	24.0	7.16
268	2.55	5.99	24.0	1.82
269	4.06	3.23	24.0	2.21
270	0.6	2.99	24.0	5.8
271	4.19	3.46	22.66	0.0
272	0.4	4.96	11.34	0.0
273	1.83	2.47	18.14	0.0
274	2.7	4.64	23.95	0.0
275	5.23	2.75	9.1	0.0
276	3.44	2.04	14.26	0.0
277	2.96	3.21	10.74	0.0
278	4.45	4.81	14.42	0.0
279	1.53	3.8	6.53	0.0
280	0.96	5.76	16.69	0.0
281	5.85	4.05	16.89	0.0
282	3.87	5.65	8.07	0.0
283	4.91	5.28	19.85	0.0
284	2.28	4.14	12.26	0.0
285	0.52	2.93	20.78	0.0
286	0.3	5.04	12.06	8.0
287	1.99	5.58	18.18	8.0
288	1.5	2.54	7.39	8.0
289	4.04	3.44	11.95	8.0
290	5.87	3.04	16.91	8.0
291	0.97	4.52	15.75	8.0
292	4.52	2.23	13.5	8.0
293	2.58	2.41	20.51	8.0
294	4.84	4.89	22.31	8.0
295	5.57	5.45	9.14	8.0
296	2.29	3.75	9.76	8.0
297	0.73	3.29	23.55	8.0
298	3.95	4.08	19.89	8.0
299	3.15	5.88	14.94	8.0
300	3.4	4.3	6.42	8.0
